0.03330707550048828
0.00597381591796875
0.0063227653503417965
0.013722419738769531
0.0
0.015357398986816406
0.031629180908203124
0.0071659088134765625
0.03536367416381836
0.019589328765869142
0.03398551940917969
0.018015480041503905
0.005244731903076172
0.05221376419067383
0.01082763671875
0.038333702087402347
0.005244731903076172
0.16924219131469725
0.40595455169677735
0.01683797836303711
0.05074176788330078
0.0982121467590332
0.028609371185302733
0.032928848266601564
0.015401649475097656
0.010489463806152344
0.01618194580078125
0.027099227905273436
0.036455821990966794
0.004427814483642578
0.012770366668701173
0.08510265350341797
0.02945880889892578
0.049683761596679685
0.07891626358032226
0.08052139282226563
0.006903171539306641
0.09863338470458985
0.04168615341186523
0.19660310745239257
0.0694580078125
0.017516708374023436
0.007858467102050782
0.007024192810058593
0.02212047576904297
0.0243408203125
0.006724166870117188
0.03182544708251953
0.014813899993896484
0.010638809204101563
0.04190406799316406
0.04539709091186524
0.017405605316162108
0.025731945037841798
0.015015983581542968
0.04085493087768555
0.029729270935058595
0.03869028091430664
0.01771554946899414
0.0
0.0100372314453125
0.0222412109375
0.019003868103027344
0.0
0.0289215087890625
0.02741661071777344
0.03941364288330078
0.030978012084960937
0.008181381225585937
0.0043696403503417965
0.0864267349243164
0.027135562896728516
0.0071659088134765625
0.018711090087890625
0.06925640106201172
0.014792633056640626
0.008439731597900391
0.004427814483642578
0.015687847137451173
0.010419178009033202
0.015502262115478515
0.010896110534667968
0.00597381591796875
0.00786905288696289
0.0040795326232910155
0.021933269500732423
0.036496543884277345
0.003295135498046875
0.03953533172607422
0.015278911590576172
0.027533245086669923
0.027058887481689452
0.07397708892822266
0.02079010009765625
0.16143341064453126
0.016864490509033204
0.03759784698486328
0.016479969024658203
0.0492919921875
0.036503028869628903
0.012906551361083984
0.017687511444091798
0.012761116027832031
0.0012805938720703125
0.015401649475097656
0.009442138671875
0.022568321228027342
0.0
0.02754964828491211
0.0
0.008216476440429688
0.02973012924194336
0.06726455688476562
0.19009685516357422
0.0022522926330566405
0.02776050567626953
0.0071659088134765625
0.042783260345458984
0.028443241119384767
0.004986381530761719
0.006724166870117188
0.02967987060546875
0.017893314361572266
0.03701496124267578
0.0
0.035690689086914064
0.014564609527587891
0.04057149887084961
0.03564176559448242
0.015798568725585938
0.003356266021728516
0.027587699890136718
0.04365854263305664
0.032928848266601564
0.2253854751586914
0.005244731903076172
0.0071659088134765625
0.03868789672851562
0.02273397445678711
0.0018586158752441407
0.07985887527465821
0.04391183853149414
0.005938148498535157
0.023990440368652343
0.03820858001708984
0.0071659088134765625
0.019508934020996092
0.1378162384033203
0.024654293060302736
0.016877365112304688
0.0
0.06942577362060547
0.0033153533935546876
0.026266765594482423
0.0
0.04295015335083008
0.009257030487060548
0.0
0.02073383331298828
0.008591842651367188
0.005499362945556641
0.13088111877441405
0.04174127578735352
0.006003665924072266
0.0369755744934082
0.01175861358642578
0.018711090087890625
0.0024753570556640624
0.004694747924804688
0.04044485092163086
0.07444953918457031
0.02068958282470703
0.04375772476196289
0.036706066131591795
0.004986381530761719
0.03033294677734375
0.019902896881103516
0.01711587905883789
0.03162193298339844
0.015506839752197266
0.03370170593261719
0.005244731903076172
0.04324254989624023
0.007222175598144531
0.02035045623779297
0.029253578186035155
0.07269115447998047
0.010231113433837891
0.013185882568359375
0.017606163024902345
0.004014205932617187
0.020905303955078124
0.029639530181884765
0.003650951385498047
0.02559375762939453
0.012861919403076173
0.027887630462646484
0.05861539840698242
0.0011049270629882812
0.017914772033691406
0.009673595428466797
0.02372112274169922
0.033338165283203124
0.03016500473022461
0.03148717880249023
0.16432390213012696
0.02928762435913086
0.03248748779296875
0.02306089401245117
0.06669464111328124
0.022411346435546875
0.03398551940917969
0.012206172943115235
0.0018586158752441407
0.013557529449462891
0.01326751708984375
0.03886699676513672
0.022213459014892578
0.04947786331176758
0.06950836181640625
0.025514602661132812
0.021520614624023438
0.003456401824951172
0.005066967010498047
0.0230621337890625
0.0
0.03534345626831055
0.005244731903076172
0.002840614318847656
0.035743331909179686
0.01658039093017578
0.005168724060058594
0.023503684997558595
0.026325511932373046
0.010089778900146484
0.020700645446777344
0.0
0.04747753143310547
0.044152355194091795
0.020886993408203124
0.032286548614501955
0.006638336181640625
0.0063227653503417965
0.06774330139160156
0.032654094696044925
0.04153432846069336
0.023803901672363282
0.04770660400390625
0.009635829925537109
0.016259098052978517
0.05348663330078125
0.005244731903076172
0.00597381591796875
0.01872415542602539
0.020989227294921874
0.013510036468505859
0.021829700469970702
0.009641265869140625
0.035901546478271484
0.08822879791259766
0.056009864807128905
0.0037319183349609373
0.006551074981689453
0.022367095947265624
0.00709238052368164
0.016230392456054687
0.0071659088134765625
0.031269168853759764
0.0748666763305664
0.005823707580566407
0.011984157562255859
0.03748741149902344
0.06348819732666015
0.03930253982543945
0.02572908401489258
0.0024753570556640624
0.010260963439941406
0.037219810485839847
0.008415889739990235
0.13577260971069335
0.05659971237182617
0.008415889739990235
0.012546062469482422
0.03602790832519531
0.04450702667236328
0.026553916931152343
0.014152145385742188
0.019602584838867187
0.005244731903076172
0.00901947021484375
0.019106101989746094
0.005387115478515625
0.012770366668701173
0.01401987075805664
0.0
0.025666522979736327
0.007538509368896484
0.033915042877197266
0.009641265869140625
0.034356689453125
0.03600587844848633
0.0068190574645996095
0.030558967590332033
0.007022762298583984
0.02247476577758789
0.008952045440673828
0.028269100189208984
0.020143890380859376
0.0543787956237793
0.014492225646972657
0.016533946990966795
0.01068582534790039
0.02104177474975586
0.022962093353271484
0.014910411834716798
0.01909151077270508
0.011325931549072266
0.020200157165527345
0.023419189453125
0.012553024291992187
0.012410640716552734
0.019917774200439452
0.0331233024597168
0.0010223388671875
0.005947303771972656
0.00827932357788086
0.05986719131469727
0.0
0.002529811859130859
0.005831623077392578
0.013929939270019532
0.011325931549072266
0.044266796112060545
0.003357696533203125
0.021878528594970702
0.018053531646728516
0.032900428771972655
0.024252700805664062
0.18795766830444335
0.082098388671875
0.051671409606933595
0.05088481903076172
0.023584842681884766
0.0063227653503417965
0.007369327545166016
0.009638214111328125
0.017065906524658205
0.03607091903686523
0.15602378845214843
0.006394004821777344
0.014125251770019531
0.006245040893554687
0.06678905487060546
0.027981090545654296
0.0071659088134765625
0.17104291915893555
0.17072772979736328
0.0766566276550293
0.026410484313964845
0.05368480682373047
0.03599100112915039
0.03514871597290039
0.04058265686035156
0.0012364387512207031
0.0
0.016864967346191407
0.08744049072265625
0.017601776123046874
0.0367548942565918
0.043293094635009764
0.03926229476928711
0.0
0.009780979156494141
0.06074676513671875
0.00645294189453125
0.055164146423339847
0.04361152648925781
0.003517436981201172
0.030178165435791014
0.010419178009033202
0.029192352294921876
0.04605302810668945
0.021726226806640624
0.009641265869140625
0.0018586158752441407
0.021700668334960937
0.17217979431152344
0.017904949188232423
0.021724700927734375
0.014020061492919922
0.0019211769104003906
0.027099227905273436
0.015687847137451173
0.016871166229248048
0.008096599578857422
0.019497394561767578
0.03934526443481445
0.01742687225341797
0.019076156616210937
0.0
0.03395414352416992
0.006335067749023438
0.0
0.0067460060119628905
0.010750293731689453
0.026642608642578124
0.03122100830078125
0.012553024291992187
0.004699230194091797
0.00690755844116211
0.020233631134033203
0.0033069610595703124
0.04717330932617188
0.0
0.03017396926879883
0.0
0.029835224151611328
0.0325958251953125
0.010142040252685548
0.0113739013671875
0.026266765594482423
0.0
0.06747989654541016
0.023820972442626952
0.023401165008544923
0.0011791229248046876
0.03160982131958008
0.015368175506591798
0.06299009323120117
0.018762683868408202
0.015638256072998048
0.010126781463623048
0.017638778686523436
0.02806863784790039
0.0063227653503417965
0.008372879028320313
0.06954832077026367
0.029268360137939452
0.0071659088134765625
0.00737466812133789
0.017769241333007814
0.0066928863525390625
0.002320098876953125
0.03156137466430664
0.008465862274169922
0.015022659301757812
0.025565147399902344
0.004591560363769532
0.037292194366455075
0.007127189636230468
0.015452289581298828
0.04527406692504883
0.0039574623107910155
0.13273973464965821
0.05677499771118164
0.019856357574462892
0.0029435157775878906
0.04103002548217773
0.035535240173339845
0.036602210998535153
0.020864105224609374
0.0038863182067871093
0.06876602172851562
0.030852031707763673
0.022716712951660157
0.024497127532958983
0.025122547149658205
0.029821395874023438
0.04110078811645508
0.016064548492431642
0.026994895935058594
0.026381969451904297
0.04748697280883789
0.03340559005737305
0.01424856185913086
0.005526161193847657
0.0036958694458007813
0.01685934066772461
0.019997596740722656
0.017374610900878905
0.0127288818359375
0.0014109611511230469
0.051283740997314455
0.02389945983886719
0.005509567260742187
0.03732118606567383
0.015265560150146485
0.014306640625
0.031566524505615236
0.0189971923828125
0.017487621307373045
0.0
0.03509235382080078
0.03675785064697266
0.019012069702148436
0.022241687774658202
0.027363109588623046
0.0050220489501953125
0.03960695266723633
0.0071659088134765625
0.016081523895263673
0.00270233154296875
0.02271614074707031
0.023223495483398436
0.004833698272705078
0.027965545654296875
0.009641265869140625
0.0017719268798828125
0.004389476776123047
0.009257030487060548
0.007481098175048828
0.007164382934570312
0.02012920379638672
0.028426647186279297
0.0
0.008833789825439453
0.03250198364257813
0.008181381225585937
0.0063227653503417965
0.008181381225585937
0.001256561279296875
0.003122901916503906
0.009462261199951172
0.019508743286132814
0.0315058708190918
0.02639608383178711
0.01818361282348633
0.03962440490722656
0.048789691925048825
0.04708528518676758
0.04071111679077148
0.04726829528808594
0.00957937240600586
0.02108449935913086
0.08016738891601563
0.1588977813720703
0.015840435028076173
0.04559335708618164
0.010459709167480468
0.08209209442138672
0.06855907440185546
0.015569019317626952
0.1546647071838379
0.025158214569091796
0.17655477523803711
0.07470903396606446
0.020446109771728515
0.09103107452392578
0.018604564666748046
0.040253829956054685
0.0028059959411621095
0.02160482406616211
0.06806774139404297
0.14096355438232422
0.1539679527282715
0.0989645004272461
0.038973522186279294
0.011486148834228516
0.07289009094238282
0.00493011474609375
0.07845802307128906
0.1862478256225586
0.26800971031188964
0.006476211547851563
0.01758298873901367
0.04826154708862305
0.04262533187866211
0.04815349578857422
0.16599597930908203
0.16805477142333985
0.02671022415161133
0.2546645164489746
0.05529661178588867
0.1233673095703125
0.008145809173583984
0.0962869644165039
0.06531229019165039
0.09122390747070312
0.015870952606201173
0.011790275573730469
0.008670330047607422
0.1284177780151367
0.11881046295166016
0.10384292602539062
0.1771918296813965
0.23088388442993163
0.14725675582885742
0.09536581039428711
0.08594646453857421
0.20598669052124025
0.2945509910583496
0.11886539459228515
0.10820913314819336
0.008404541015625
0.020911121368408205
0.025370025634765626
0.027997684478759766
0.0
0.04913539886474609
0.03206014633178711
0.06224956512451172
0.2141958713531494
0.03141574859619141
0.02373819351196289
0.2529895782470703
0.04084987640380859
0.030785751342773438
0.16894664764404296
0.05579948425292969
0.1379680633544922
0.18000345230102538
0.009204578399658204
0.030880165100097657
0.0016545295715332032
0.011486148834228516
0.0
0.05250053405761719
0.07851581573486328
0.026224803924560548
0.16709136962890625
0.15138235092163085
0.008910083770751953
0.1440821647644043
0.014096355438232422
0.10000228881835938
0.11901788711547852
0.07698678970336914
0.01760854721069336
0.28013029098510744
0.13339195251464844
0.031841373443603514
0.10345458984375
0.2625419139862061
0.020839786529541014
0.015533924102783203
0.012135601043701172
0.03497495651245117
0.0
0.00172882080078125
0.15790195465087892
0.025058937072753907
0.005745506286621094
0.02980318069458008
0.013112068176269531
0.02633180618286133
0.03865470886230469
0.11918716430664063
0.2273416519165039
0.0014181137084960938
0.060041618347167966
0.013483238220214844
0.10814809799194336
0.018599319458007812
0.009321975708007812
0.011106300354003906
0.2167123794555664
0.09299507141113281
0.12548580169677734
0.008404541015625
0.06372804641723633
0.09429988861083985
0.05589637756347656
0.012349510192871093
0.023358249664306642
0.0
0.016663551330566406
0.29157299995422364
0.018063068389892578
0.21825819015502929
0.033345508575439456
0.00982351303100586
0.10886192321777344
0.11056194305419922
0.020887088775634766
0.17641057968139648
0.09012975692749023
0.04221563339233399
0.02783517837524414
0.0740971565246582
0.005111408233642578
0.03127832412719726
0.2780012130737305
0.1596898078918457
0.17987775802612305
0.03262166976928711
0.41162986755371095
0.002752685546875
0.02244577407836914
0.0035300254821777344
0.024816513061523438
0.010672855377197265
0.007591533660888672
0.09851627349853516
0.006420326232910156
0.008670330047607422
0.169907283782959
0.22568416595458984
0.058735084533691403
0.046246814727783206
0.012321186065673829
0.30361456871032716
0.0
0.027386856079101563
0.048733997344970706
0.03148994445800781
0.02207174301147461
0.059744071960449216
0.04474020004272461
0.01296854019165039
0.2180792808532715
0.011058616638183593
0.012947940826416015
0.033151435852050784
0.06926927566528321
0.07652320861816406
0.01691608428955078
0.17771415710449218
0.14296398162841797
0.13863935470581054
0.09287843704223633
0.008145809173583984
0.009321975708007812
0.13155021667480468
0.1190260887145996
0.0
0.025370025634765626
0.0784987449645996
0.024592494964599608
0.14796867370605468
0.0012571334838867188
0.15561513900756835
0.15276012420654297
0.0018601417541503906
0.053431224822998044
0.00525665283203125
0.05287103652954102
0.018163204193115234
0.12602224349975585
0.020202827453613282
0.046819019317626956
0.22024040222167968
0.011486148834228516
0.017748451232910155
0.2411564350128174
0.07658653259277344
0.17591676712036133
0.03965206146240234
0.017182159423828124
0.09606647491455078
0.015870952606201173
0.1722010612487793
0.1771918296813965
0.12716522216796874
0.07470970153808594
0.11640214920043945
0.36751537322998046
0.0
0.07796745300292969
0.004540157318115234
0.0
0.1297327995300293
0.01691608428955078
0.03867425918579102
0.07631301879882812
0.02890005111694336
0.03499164581298828
0.06026725769042969
0.03163471221923828
0.003940105438232422
0.03856573104858398
0.0035300254821777344
0.190695858001709
0.15905122756958007
0.010742282867431641
0.06522588729858399
0.029029083251953126
0.0027283668518066407
0.4953803539276123
0.16945791244506836
0.1694345474243164
0.09296455383300781
0.05672273635864258
0.028914546966552733
0.03704423904418945
0.10908575057983398
0.006187343597412109
0.1577815055847168
0.11423397064208984
0.023629474639892577
0.08718767166137695
0.09429988861083985
0.025557518005371094
0.013633060455322265
0.1032639503479004
0.03577642440795899
0.003104400634765625
0.014424324035644531
0.0012442588806152344
0.09465017318725585
0.02920684814453125
0.022257518768310548
0.17482385635375977
0.2769158363342285
0.010793209075927734
0.02157754898071289
0.05738048553466797
0.06327295303344727
0.020156097412109376
0.09203720092773438
0.009704780578613282
0.024542522430419923
0.17770051956176758
0.01894063949584961
0.07698335647583007
0.28861126899719236
0.016873836517333984
0.017862415313720702
0.01394357681274414
0.0633697509765625
0.09882640838623047
0.03174943923950195
0.03497495651245117
0.020446109771728515
0.04140939712524414
0.13955039978027345
0.020752716064453124
0.05112247467041016
0.13623266220092772
0.0
0.006741237640380859
0.032521820068359374
0.02182779312133789
0.006355667114257812
0.1760690689086914
0.03528175354003906
0.036773967742919925
0.10106687545776367
0.009830665588378907
0.0392669677734375
0.04516324996948242
0.011852550506591796
0.015096187591552734
0.06677217483520508
0.019750118255615234
0.23232393264770507
0.06128616333007812
0.033970069885253903
0.07134771347045898
0.021981525421142577
0.02485799789428711
0.010147380828857421
0.0
0.109979248046875
0.008525657653808593
0.005111408233642578
0.0035300254821777344
0.015020942687988282
0.0059563636779785155
0.03447561264038086
0.014656734466552735
0.11480321884155273
0.0
0.03351860046386719
0.004871940612792969
0.09776821136474609
0.012635898590087891
0.027826213836669923
0.010254955291748047
0.08215217590332032
0.03663187026977539
0.009422969818115235
0.16240692138671875
0.36772880554199217
0.1577284812927246
0.05946550369262695
0.03571376800537109
0.12763442993164062
0.015840435028076173
0.016873836517333984
0.11119594573974609
0.08753623962402343
0.039338874816894534
0.011043834686279296
0.016665840148925783
0.043514156341552736
0.0018601417541503906
0.1332699775695801
0.10000228881835938
0.01714611053466797
0.018253612518310546
0.054955673217773435
0.24884843826293945
0.03230915069580078
0.025577354431152343
0.029788112640380858
0.13095426559448242
0.03528175354003906
0.0066889762878417965
0.0050871849060058595
0.0849156379699707
0.2672697067260742
0.022751522064208985
0.016158580780029297
0.01842527389526367
0.03937845230102539
0.001772594451904297
0.0016545295715332032
0.0946223258972168
0.0
0.012893581390380859
0.07232789993286133
0.0
0.16181011199951173
0.0
0.23450212478637694
0.1250001907348633
0.12763442993164062
0.019832038879394533
0.0
0.0881887435913086
0.04781904220581055
0.006556034088134766
0.06068992614746094
0.032113265991210935
0.01737699508666992
0.18430500030517577
0.030880165100097657
0.014987468719482422
0.01691608428955078
0.10335407257080079
0.16980037689208985
0.047235965728759766
0.029754829406738282
0.0058917999267578125
0.13219738006591797
0.0
0.0
0.02633180618286133
0.0377924919128418
0.08184394836425782
0.1588827133178711
0.05918540954589844
0.04826488494873047
0.01443338394165039
0.010059547424316407
0.05128030776977539
0.1415304183959961
0.0
0.1124795913696289
0.0
0.023856353759765626
0.027071285247802734
0.020242881774902344
0.005111408233642578
0.021201515197753908
0.006556034088134766
0.020758342742919923
0.021201515197753908
0.107293701171875
0.0
0.1546647071838379
0.0
0.014800930023193359
0.14277524948120118
0.006174755096435547
0.027048110961914062
0.08358116149902343
0.10000228881835938
0.005078697204589843
0.0017405509948730468
0.14802103042602538
0.1415304183959961
0.005111408233642578
0.010522937774658203
0.031216239929199217
0.06036243438720703
0.0027283668518066407
0.10245342254638672
0.009782791137695312
0.009415721893310547
0.026778316497802733
0.002477741241455078
0.2196971893310547
0.09644804000854493
0.0946274757385254
0.19868650436401367
0.002796459197998047
0.17322711944580077
0.1597736358642578
0.05879268646240234
0.022383594512939455
0.08708362579345703
0.04683418273925781
0.08435525894165039
0.0
0.0012895584106445313
0.06731891632080078
0.014231491088867187
0.0100860595703125
0.11816825866699218
0.19865732192993163
0.0248748779296875
0.01870889663696289
0.05846891403198242
0.015865516662597657
0.11869869232177735
0.15482568740844727
0.02109041213989258
0.03609552383422852
0.02839975357055664
0.003087139129638672
0.10190706253051758
0.06593093872070313
0.09474401473999024
0.20187463760375976
0.022532558441162108
0.07249946594238281
0.008719348907470703
0.019606971740722658
0.03356771469116211
0.10585851669311523
0.013931751251220703
0.0686417579650879
0.007472515106201172
0.07486515045166016
0.0
0.07089548110961914
0.2997145652770996
0.01532440185546875
0.1150167465209961
0.13513994216918945
0.054821014404296875
0.044778633117675784
0.005111408233642578
0.23179397583007813
0.003087139129638672
0.21315364837646483
0.11148319244384766
0.007518577575683594
0.22337017059326172
0.019396305084228516
0.004780483245849609
0.0037192344665527345
0.01259164810180664
0.005180263519287109
0.03116188049316406
0.024037933349609374
0.08991680145263672
0.0
0.020888710021972658
0.11361255645751953
0.044626903533935544
0.010528659820556641
0.03141574859619141
0.009124374389648438
0.0
0.08420906066894532
0.02727193832397461
0.13967666625976563
0.1405017852783203
0.13891525268554689
0.10129508972167969
0.1432187080383301
0.13518285751342773
0.07133331298828124
0.17470321655273438
0.015705204010009764
0.1483377456665039
0.014040374755859375
0.05972919464111328
0.038172149658203126
0.016898059844970705
0.0
0.24087581634521485
0.14330577850341797
0.10404186248779297
0.016830062866210936
0.021013164520263673
0.0790400505065918
0.023439407348632812
0.01584634780883789
0.044963645935058597
0.031242561340332032
0.04125146865844727
0.017005348205566408
0.030561542510986327
0.19492273330688475
0.003666973114013672
0.16770620346069337
0.021007823944091796
0.1337346076965332
0.029029178619384765
0.010938358306884766
0.0016795158386230468
0.04957170486450195
0.01931924819946289
0.09162740707397461
0.0
0.1111342430114746
0.031791305541992186
0.01574993133544922
0.048340225219726564
0.041787147521972656
0.02818927764892578
0.026473617553710936
0.14700603485107422
0.036330795288085936
0.04553918838500977
0.02868804931640625
0.06933927536010742
0.03788843154907227
0.03152284622192383
0.032744407653808594
0.0069369316101074215
0.004391193389892578
0.03046073913574219
0.05615444183349609
0.07554330825805664
0.014096736907958984
0.05024375915527344
0.005135631561279297
0.01830015182495117
0.012544822692871094
0.07471532821655273
0.09185104370117188
0.036487579345703125
0.03171100616455078
0.015369892120361328
0.04170083999633789
0.07170133590698242
0.06427879333496093
0.0
0.03988580703735352
0.05175180435180664
0.01804943084716797
0.03600587844848633
0.018616104125976564
0.019616127014160156
0.1172835350036621
0.013602828979492188
0.11540327072143555
0.0327667236328125
0.04896383285522461
0.03018331527709961
0.024094200134277342
0.0
0.06323471069335937
0.00455179214477539
0.12644567489624023
0.0015323638916015625
0.042917919158935544
0.031411170959472656
0.024335575103759766
0.06192464828491211
0.08035163879394532
0.007236671447753906
0.0948781967163086
0.00931863784790039
0.011368083953857421
0.08439426422119141
0.09058132171630859
0.032035446166992186
0.08726577758789063
0.08558511734008789
0.021007823944091796
0.050040054321289065
0.0893742561340332
0.04452953338623047
0.016555309295654297
0.010121822357177734
0.1257155418395996
0.021025371551513673
0.0016429901123046875
0.050636005401611325
0.027509117126464845
0.10404186248779297
0.1189702033996582
0.049892616271972653
0.04659080505371094
0.12724790573120118
0.054747486114501955
0.044601821899414064
0.0
0.044963645935058597
0.004039573669433594
0.0356109619140625
0.032744407653808594
0.024229145050048827
0.0028995513916015626
0.07262516021728516
0.01197643280029297
0.03294925689697266
0.0
0.06963872909545898
0.022384452819824218
0.06096639633178711
0.03338603973388672
0.00931863784790039
0.0
0.021896839141845703
0.09576282501220704
0.03238458633422851
0.04783506393432617
0.01584634780883789
0.0
0.038826942443847656
0.08215265274047852
0.011250495910644531
0.031656932830810544
0.11170434951782227
0.012374114990234376
0.030436897277832033
0.04125146865844727
0.10404186248779297
0.12133359909057617
0.13979578018188477
0.04600400924682617
0.015593147277832032
0.011228561401367188
0.12510452270507813
0.0011236190795898438
0.025229358673095705
0.0
0.06113090515136719
0.04689731597900391
0.1284846305847168
0.2634417533874512
0.003226184844970703
0.00177001953125
0.04078760147094727
0.0792048454284668
0.026238346099853517
0.04125146865844727
0.01964874267578125
0.030519485473632812
0.010121822357177734
0.022481822967529298
0.035586071014404294
0.03161497116088867
0.02097768783569336
0.06914539337158203
0.12838335037231446
0.025788211822509767
0.07560338973999023
0.014481925964355468
0.004891395568847656
0.014492130279541016
0.04608726501464844
0.044963645935058597
0.01584634780883789
0.1259373664855957
0.03070211410522461
0.03148717880249023
0.03152284622192383
0.03296222686767578
0.023211956024169922
0.06551971435546874
0.06635551452636719
0.0
0.0631551742553711
0.009409427642822266
0.006321048736572266
0.07394580841064453
0.0022416114807128906
0.08531885147094727
0.04911670684814453
0.007313346862792969
0.01235809326171875
0.025052738189697266
0.05637941360473633
0.027251529693603515
0.07779197692871094
0.0
0.030561542510986327
0.05857973098754883
0.13213529586791992
0.017186450958251952
0.024857234954833985
0.08733911514282226
0.08694334030151367
0.01605195999145508
0.22888851165771484
0.08819465637207032
0.026891613006591798
0.06366338729858398
0.011855125427246094
0.007076168060302734
0.021179962158203124
0.024191856384277344
0.11958379745483398
0.12708826065063478
0.024431800842285155
0.0055328369140625
0.0029044151306152344
0.046921157836914064
0.01584634780883789
0.16992359161376952
0.08844356536865235
0.0609135627746582
0.04154844284057617
0.07283687591552734
0.030551338195800783
0.020416927337646485
0.3400296211242676
0.0
0.1702115058898926
0.021202468872070314
0.007236671447753906
0.048620414733886716
0.022481822967529298
0.0
0.1783924102783203
0.03528251647949219
0.09006977081298828
0.10358104705810547
0.15002098083496093
0.10180063247680664
0.024915218353271484
0.0052626609802246095
0.01584634780883789
0.050543212890625
0.03171100616455078
0.0609135627746582
0.04992685317993164
0.02838449478149414
0.0
0.012758636474609375
0.016143226623535158
0.0014368057250976562
0.005244159698486328
0.016440582275390626
0.0025857925415039063
0.010695838928222656
0.138901424407959
0.029802417755126952
0.08910150527954101
0.1604074478149414
0.0060517311096191405
0.029168415069580077
0.06751279830932617
0.15174989700317382
0.019423961639404297
0.03612833023071289
0.0032286643981933594
0.05198869705200195
0.05004034042358398
0.04134445190429688
0.04960927963256836
0.10022430419921875
0.027509117126464845
0.0586033821105957
0.002647113800048828
0.020775318145751953
0.027739238739013673
0.0325042724609375
0.1303126335144043
0.01584634780883789
0.11373968124389648
0.004790592193603516
0.11493062973022461
0.021968936920166014
0.09930391311645508
0.0
0.01054067611694336
0.1270970344543457
0.03330307006835938
0.0
0.07489233016967774
0.03977680206298828
0.012374114990234376
0.005578327178955078
0.007365608215332031
0.07609519958496094
0.01972370147705078
0.02613525390625
0.00859689712524414
0.016206932067871094
0.0
0.020159435272216798
0.002530479431152344
0.06767044067382813
0.10717210769653321
0.10306482315063477
0.15079269409179688
0.0
0.007441425323486328
0.024620723724365235
0.1190669059753418
0.0013523101806640625
0.0020174026489257813
0.054303646087646484
0.0
0.11236038208007812
0.002360820770263672
0.027832794189453124
0.0013418197631835938
0.04766397476196289
0.0423008918762207
0.01458911895751953
0.0013418197631835938
0.015225696563720702
0.03880634307861328
0.04038724899291992
0.0259124755859375
0.014391517639160157
0.25507726669311526
0.053307533264160156
0.05942220687866211
0.051593017578125
0.080828857421875
0.027272415161132813
0.03922958374023437
0.027509117126464845
0.045635414123535153
0.011233234405517578
0.002021026611328125
0.05180425643920898
0.04954051971435547
0.03734111785888672
0.015222263336181641
0.04902191162109375
0.004721641540527344
0.029802417755126952
0.035941791534423825
0.15647096633911134
0.024868202209472657
0.007365608215332031
0.0611760139465332
0.13145484924316406
0.032512760162353514
0.04365959167480469
0.033335208892822266
0.0
0.04907293319702148
0.1202545166015625
0.1136439323425293
0.03640689849853516
0.030034255981445313
0.0016429901123046875
0.008675670623779297
0.0016429901123046875
0.062221431732177736
0.008675670623779297
0.008053112030029296
0.06465492248535157
0.012040996551513672
0.14473142623901367
0.010954761505126953
0.045251655578613284
0.07892436981201172
0.027272415161132813
0.0011590003967285156
0.0
0.025927734375
0.03199834823608398
0.014153861999511718
0.048517894744873044
0.02764863967895508
0.023211956024169922
0.018303966522216795
0.06478662490844726
0.01397848129272461
0.021809196472167967
0.24702444076538085
0.20679426193237305
0.36739654541015626
0.024335575103759766
0.0
0.1804811477661133
0.004643917083740234
0.0
0.04558572769165039
0.06378669738769531
0.14591093063354493
0.03577098846435547
0.11493062973022461
0.04670934677124024
0.031200504302978514
0.11783561706542969
0.11404581069946289
0.037994670867919925
0.0
0.024335575103759766
0.0
0.029614925384521484
0.020044708251953126
0.06454324722290039
0.11584863662719727
0.025229358673095705
0.007365608215332031
0.04215059280395508
0.1232142448425293
0.021202468872070314
0.0
0.021202468872070314
0.001932811737060547
0.05483818054199219
0.0716949462890625
0.00899801254272461
0.004564762115478516
0.2425553321838379
0.013446998596191407
0.0
0.01818256378173828
0.08812494277954101
0.03290605545043945
0.11584863662719727
0.008484935760498047
0.0011295318603515626
0.029685115814208983
0.006620025634765625
0.007831192016601563
0.0
0.04041891098022461
0.01752643585205078
0.0015221595764160155
0.08004512786865234
0.002253150939941406
0.018041324615478516
0.03999605178833008
0.011250495910644531
0.08665132522583008
0.06574525833129882
0.11605424880981445
0.023211956024169922
0.02127704620361328
0.024341487884521486
0.02127704620361328
0.0016429901123046875
0.0010000228881835937
0.036824607849121095
0.010077476501464844
0.023211956024169922
0.04066019058227539
0.015611076354980468
0.05237455368041992
0.013239860534667969
0.03858394622802734
0.02066802978515625
0.02612791061401367
0.08513050079345703
0.029614925384521484
0.04019346237182617
0.012352180480957032
0.0
0.022117042541503908
0.049756336212158206
0.0021286964416503905
0.025315284729003906
0.0015221595764160155
0.05948858261108399
0.052579402923583984
0.05331096649169922
0.0066314697265625
0.022117042541503908
0.020032119750976563
0.07830181121826171
0.010868167877197266
0.01950845718383789
0.0
0.04427623748779297
0.12406740188598633
0.03052072525024414
0.022971916198730468
0.07656631469726563
0.06386327743530273
0.05870676040649414
0.01584634780883789
0.024734973907470703
0.0
0.025752162933349608
0.02361011505126953
0.0013523101806640625
0.06869115829467773
0.03653402328491211
0.009385490417480468
0.013272380828857422
0.024782943725585937
0.003234577178955078
0.012245845794677735
0.030458354949951173
0.025946426391601562
0.0
0.0
0.023084259033203124
0.019616127014160156
0.007365608215332031
0.018616104125976564
0.03310699462890625
0.015625667572021485
0.0011295318603515626
0.0709442138671875
0.14069681167602538
0.22248640060424804
0.13933048248291016
0.05929021835327149
0.10477638244628906
0.07914505004882813
0.08069190979003907
0.08980941772460938
0.008788871765136718
0.08641357421875
