0.0
0.0
0.003920650482177735
0.0
0.0
0.0010255813598632813
0.0
0.0
0.013529682159423828
0.0
0.0
0.007055950164794922
0.0
0.002342891693115234
0.019117450714111327
0.0013580322265625
0.0
0.06281547546386719
0.06281547546386719
0.009790134429931641
0.06281547546386719
0.0015073776245117187
0.0018586158752441407
0.007105636596679688
0.01169729232788086
0.0
0.0
0.0
0.0
0.002098846435546875
0.0050185203552246095
0.02116231918334961
0.06281547546386719
0.0
0.005055618286132812
0.012876319885253906
0.003908920288085938
0.0015886306762695312
0.013321971893310547
0.03915424346923828
0.004294300079345703
0.0088714599609375
0.0018846511840820313
0.023279190063476562
0.011666393280029297
0.0012786865234375
0.01633768081665039
0.01759510040283203
0.0022248268127441407
0.003977680206298828
0.015380668640136718
0.03143110275268555
0.02147064208984375
0.0010255813598632813
0.0020499229431152344
0.00765380859375
0.0
0.018329620361328125
0.018390941619873046
0.0
0.001335906982421875
0.01763763427734375
0.004341983795166015
0.0024457931518554687
0.015350341796875
0.0
0.003959083557128906
0.0
0.0
0.0
0.0
0.01945323944091797
0.0
0.013405227661132812
0.019729232788085936
0.016419696807861327
0.02659759521484375
0.002098846435546875
0.003181743621826172
0.01670970916748047
0.01650371551513672
0.0
0.0
0.003092384338378906
0.0
0.0028772354125976562
0.0028772354125976562
0.002098846435546875
0.0025109291076660157
0.030502700805664064
0.006264114379882812
0.012319850921630859
0.0
0.0017780303955078126
0.02333965301513672
0.02440032958984375
0.012904548645019531
0.0016743659973144532
0.012736701965332031
0.005012416839599609
0.0012786865234375
0.015211772918701173
0.0
0.0012805938720703125
0.01169729232788086
0.00346832275390625
0.004967212677001953
0.0
0.0
0.0
0.0028772354125976562
0.01353311538696289
0.02366046905517578
0.0
0.002252197265625
0.0012553215026855468
0.0
0.0024753570556640624
0.004294300079345703
0.0
0.01633768081665039
0.01183023452758789
0.004927158355712891
0.0031178474426269533
0.0
0.0022716522216796875
0.007977867126464843
0.02623910903930664
0.016750812530517578
0.006539154052734375
0.01019735336303711
0.0
0.0
0.007105636596679688
0.0
0.031241226196289062
0.0
0.019920158386230468
0.027189922332763673
0.0
0.01639080047607422
0.004747772216796875
0.0
0.025311279296875
0.00123291015625
0.0
0.008950138092041015
0.005053043365478516
0.024028968811035157
0.006573486328125
0.01633768081665039
0.021143722534179687
0.006504344940185547
0.0
0.0
0.021034908294677735
0.03729791641235351
0.002342891693115234
0.006402015686035156
0.01790456771850586
0.0012574195861816406
0.01631326675415039
0.0057086944580078125
0.012736701965332031
0.0
0.0509852409362793
0.013405227661132812
0.0
0.024893665313720705
0.032063865661621095
0.0
0.02982330322265625
0.004815101623535156
0.0024457931518554687
0.0010256767272949219
0.0
0.0018586158752441407
0.006626319885253906
0.02035036087036133
0.016717052459716795
0.0
0.0
0.03729791641235351
0.03759021759033203
0.0
0.0010503768920898438
0.008026218414306641
0.005244636535644531
0.00385284423828125
0.0019451141357421874
0.004014110565185547
0.018973541259765626
0.0016040802001953125
0.022783279418945312
0.015931224822998045
0.04884023666381836
0.001107025146484375
0.0
0.0011049270629882812
0.014767837524414063
0.004428768157958984
0.03840494155883789
0.003908920288085938
0.01633768081665039
0.0
0.06281547546386719
0.0028772354125976562
0.0075470924377441405
0.02264995574951172
0.026590824127197266
0.015871620178222655
0.0
0.0
0.0
0.0011211395263671874
0.013302898406982422
0.0
0.019085121154785157
0.004014110565185547
0.004508018493652344
0.003695774078369141
0.0028813362121582033
0.00599374771118164
0.031029510498046874
0.0
0.01392679214477539
0.0526881217956543
0.0
0.0
0.002281379699707031
0.002356719970703125
0.0025109291076660157
0.002581882476806641
0.004014110565185547
0.01072378158569336
0.013321971893310547
0.0
0.0
0.014369583129882813
0.015492725372314452
0.0
0.0010004997253417968
0.007372093200683594
0.010327625274658202
0.0
0.00108184814453125
0.0
0.06281547546386719
0.05780305862426758
0.005254936218261719
0.0
0.0
0.0
0.017382335662841798
0.002356719970703125
0.0013063430786132812
0.003695774078369141
7.315635681152344E-4
0.0
0.025902652740478517
0.0
0.003427886962890625
0.00966949462890625
0.014363956451416016
0.00703887939453125
0.0
0.014595317840576171
0.005985641479492187
0.0057124137878417965
0.0026609420776367186
0.003650856018066406
0.0
0.03181877136230469
0.005513572692871093
0.004341983795166015
0.01169729232788086
0.002281379699707031
0.011292266845703124
0.0
0.0010514259338378906
0.0
0.0
0.0
0.004014110565185547
0.0019444465637207032
0.004079151153564453
0.011292266845703124
0.0
0.0
0.008950138092041015
0.009754276275634766
0.0
0.015211772918701173
0.0014108657836914063
0.0
0.015726184844970702
0.020466423034667967
0.0012128829956054687
0.0
0.0
0.0015073776245117187
0.004788684844970703
0.001211071014404297
0.0010256767272949219
0.0
0.0
0.01790456771850586
0.0
0.0
0.004899120330810547
0.0
0.003383922576904297
0.0019712448120117188
0.0022716522216796875
0.001335906982421875
0.005587959289550781
0.0015952110290527344
0.016495609283447267
0.0
0.004207897186279297
0.03915424346923828
0.018612384796142578
0.001702880859375
0.015093994140625
0.0
0.0018426895141601563
0.0
0.0015952110290527344
0.0
0.0027879714965820313
0.0
0.0
0.018761348724365235
0.0
0.0
0.001107025146484375
0.02816019058227539
0.0033069610595703124
0.0071585655212402345
0.01790456771850586
0.0
0.0012574195861816406
0.001702880859375
0.0010000228881835937
0.0010465621948242188
0.004978275299072266
0.0
0.01454477310180664
0.0040686607360839845
0.022067928314208986
0.0336273193359375
0.003427886962890625
0.01910858154296875
0.015899658203125
0.014595317840576171
0.0071964263916015625
0.06281547546386719
0.004743194580078125
0.02977609634399414
0.0251953125
0.004955482482910156
0.009712600708007812
0.0030692100524902345
0.028244495391845703
0.014772415161132812
0.018075084686279295
0.0010137557983398438
0.022087955474853517
0.0024682044982910155
0.06281547546386719
0.0019444465637207032
0.003517341613769531
0.009810733795166015
0.02043571472167969
0.0064528465270996095
0.004084587097167969
0.02198371887207031
0.0
0.008198356628417969
0.01670970916748047
0.005779266357421875
0.001702880859375
0.0035614967346191406
0.03050966262817383
0.0018586158752441407
0.0016743659973144532
0.06064624786376953
0.004110813140869141
0.0016743659973144532
0.02081127166748047
0.0016743659973144532
0.0
0.003181743621826172
0.002236461639404297
0.002281379699707031
0.005165576934814453
0.002342891693115234
0.002281379699707031
0.0
0.0
0.0
0.011325645446777343
0.0
0.04017515182495117
0.013703155517578124
0.0
0.0
0.006504344940185547
0.002342891693115234
0.00192108154296875
0.0
0.004120635986328125
0.01790456771850586
0.014408302307128907
0.002281379699707031
0.0
0.02623910903930664
0.010377883911132812
0.005977153778076172
0.005386924743652344
0.0
0.0019712448120117188
0.007843685150146485
0.0024457931518554687
0.012441444396972656
0.0036248207092285157
0.01259765625
0.012922096252441406
0.0
0.007625484466552734
0.01471414566040039
0.017375373840332033
0.0033069610595703124
0.005550861358642578
0.007372093200683594
0.0012128829956054687
0.0024753570556640624
0.0
0.0011790275573730468
0.0020109176635742187
0.003908920288085938
0.0012786865234375
0.022089481353759766
0.0022133827209472657
0.004223918914794922
0.01316375732421875
0.0
0.04362020492553711
0.01633768081665039
0.0
0.00361480712890625
0.01397848129272461
0.01339111328125
0.003287601470947266
0.003650856018066406
0.005554389953613281
0.0056172370910644535
0.0
0.003908920288085938
0.002098846435546875
0.006931114196777344
0.012549686431884765
0.041294097900390625
0.010856151580810547
0.0
0.020557117462158204
0.0
0.0029206275939941406
0.004955482482910156
0.008313369750976563
0.02550516128540039
0.03840494155883789
0.0
0.02623910903930664
0.007082557678222657
0.0015901565551757813
0.005290985107421875
0.008531570434570312
0.0010000228881835937
0.004034423828125
0.002757740020751953
0.012736701965332031
0.0
0.015350341796875
5.387306213378906E-4
0.0010256767272949219
0.0020272254943847655
0.01797943115234375
0.0
0.0
0.01316375732421875
0.015647125244140626
0.00295257568359375
0.0010000228881835937
0.0
0.0
0.0
0.0
0.0029603004455566405
0.005406093597412109
0.0021332740783691407
0.001107025146484375
0.0017719268798828125
0.0024457931518554687
0.003650856018066406
0.0028772354125976562
0.0
0.007807445526123047
0.016193580627441407
0.001107025146484375
0.0
0.005750083923339843
0.025455760955810546
0.0
0.0018846511840820313
0.0010503768920898438
0.018954944610595704
0.0010503768920898438
0.0
0.0018846511840820313
0.001256561279296875
0.018470954895019532
0.006210899353027344
0.0010503768920898438
0.0
0.0
0.013321971893310547
0.0034714698791503905
0.015350341796875
0.0017780303955078126
0.005750083923339843
0.004223823547363281
0.0
0.0
0.0
0.09058990478515624
0.0037694931030273437
0.0
0.0010354042053222657
0.028612232208251952
0.0
0.0
0.05348987579345703
0.006341743469238281
0.006330013275146484
0.03407297134399414
0.0
0.0
0.06631078720092773
0.005992889404296875
0.031110763549804688
0.0
0.006004619598388672
0.008971309661865235
0.03549108505249023
0.0015847206115722657
0.008817481994628906
0.0
0.09312171936035156
0.004930019378662109
0.0017630577087402344
0.09312171936035156
0.002315521240234375
0.0012571334838867188
0.05322885513305664
0.007686042785644531
0.038487815856933595
0.04075174331665039
0.0489750862121582
0.09193248748779297
0.05422210693359375
0.015959835052490233
0.09312171936035156
0.032789421081542966
0.0
0.09312171936035156
0.02861642837524414
0.03586034774780274
0.039338302612304685
0.021594142913818358
0.003737926483154297
0.04935665130615234
0.0010611534118652344
0.013906002044677734
0.0030870437622070312
0.0
0.0030870437622070312
0.00172882080078125
0.0029898643493652343
0.017354583740234374
0.0058154106140136715
0.002752685546875
0.007903480529785156
0.0016098976135253905
0.0016398429870605469
0.039997100830078125
0.0016398429870605469
0.0
0.007819271087646485
0.0022841453552246093
0.0018124580383300781
0.001870441436767578
0.0
0.009723758697509766
0.0010611534118652344
0.0
0.007018280029296875
0.009652233123779297
0.0931218147277832
0.004012966156005859
0.0931218147277832
0.003985404968261719
0.0
0.00172882080078125
0.0
0.0024170875549316406
0.0158050537109375
0.0931218147277832
0.048572731018066403
0.004185009002685547
0.0
0.0
0.049804401397705075
0.003582000732421875
0.006369686126708985
0.005929183959960937
0.012995433807373048
0.0022841453552246093
0.006293582916259766
0.05726146697998047
0.0018556594848632812
0.044617652893066406
0.002261638641357422
0.0035332679748535157
0.019833946228027345
0.016022491455078124
0.002261638641357422
0.0
0.09139299392700195
0.0931218147277832
0.004834651947021484
0.0
0.002350330352783203
0.001448822021484375
0.0
0.0038352012634277344
0.03654918670654297
0.03548984527587891
0.0014181137084960938
0.014795589447021484
0.0
0.0
0.032789421081542966
0.032789421081542966
0.001302051544189453
0.0030870437622070312
0.013356399536132813
0.009372997283935546
0.0016098976135253905
0.0016398429870605469
0.0042893409729003905
0.013715267181396484
0.012714862823486328
0.09312171936035156
0.004623126983642578
0.04075174331665039
0.0
0.006576728820800781
0.008957386016845703
0.03059415817260742
0.0
0.001302051544189453
0.05064535140991211
0.002315521240234375
0.0
0.0066241264343261715
0.0462224006652832
0.024567890167236327
0.0034422874450683594
0.0010334014892578124
0.01627063751220703
0.0030870437622070312
0.0
0.0038893699645996095
0.043759822845458984
0.00172882080078125
0.0
0.0
0.0
0.0018124580383300781
0.0016398429870605469
0.0
0.04503631591796875
0.0
0.0032381057739257813
0.0030870437622070312
0.009706974029541016
0.0018556594848632812
0.0
0.06686239242553711
0.004917716979980469
0.008710289001464843
0.007083892822265625
0.05211963653564453
0.0
0.00436248779296875
0.0
0.0037894248962402344
0.013352775573730468
0.0
0.0065558433532714845
0.003087615966796875
0.06975317001342773
0.0072537422180175785
0.0
0.0
0.0
0.05041313171386719
0.0
0.037514877319335935
0.0
0.032789421081542966
0.0010611534118652344
0.00764760971069336
0.0
0.039997100830078125
0.011705875396728516
0.02138690948486328
0.011705875396728516
0.039333534240722653
0.0016127586364746093
0.05545339584350586
0.00186004638671875
0.0
0.027387332916259766
0.003077411651611328
0.002545166015625
0.0030870437622070312
0.04977092742919922
0.0030870437622070312
0.03750143051147461
0.0
0.0
0.006951045989990234
0.011705875396728516
0.007235336303710938
0.0
0.0
0.0931218147277832
0.039338302612304685
0.003582000732421875
0.0030870437622070312
0.001870441436767578
0.0931218147277832
0.03941431045532227
0.0
0.0010334014892578124
0.04107398986816406
0.014344120025634765
0.0
0.03649005889892578
0.0
0.006548881530761719
0.04151630401611328
0.00799875259399414
0.0462224006652832
0.0
0.008982563018798828
0.0601231575012207
0.004930019378662109
0.0
0.0016398429870605469
0.051174354553222653
0.0018321990966796875
0.004414844512939453
0.0
0.006548881530761719
0.0
0.026772403717041017
0.0
0.004185009002685547
0.0010581016540527344
0.0
0.029270267486572264
0.003087615966796875
0.026251220703125
0.09300146102905274
0.0018787384033203125
0.002728271484375
0.013210868835449219
0.0042893409729003905
0.0030870437622070312
0.032789421081542966
0.007670116424560547
0.0014000892639160155
0.0029848098754882814
0.04644441604614258
0.01261281967163086
0.010631084442138672
0.0
0.0024170875549316406
0.0
0.022606468200683592
0.0
0.004672622680664063
0.0
0.0
0.06425018310546875
0.0
0.05387744903564453
0.004642105102539063
0.0070136070251464845
0.0025139808654785155
0.0
0.004751968383789063
0.0010651588439941407
0.0
0.007262134552001953
0.009425163269042969
0.014841747283935548
0.0
0.0046787261962890625
0.0
0.0061397552490234375
0.032379531860351564
0.0
0.0025422096252441405
0.004751968383789063
0.0462224006652832
0.0931218147277832
0.0071014404296875
0.016075801849365235
0.0024170875549316406
0.0
0.0015847206115722657
0.009172153472900391
0.007434272766113281
0.0016398429870605469
0.0016398429870605469
0.009982013702392578
0.0033900260925292967
0.007067489624023438
0.0462224006652832
0.0043048858642578125
0.0
0.06128482818603516
0.0
0.0
0.0
0.011961746215820312
0.009251117706298828
0.0931218147277832
0.010542201995849609
0.0022841453552246093
0.005788040161132812
0.0044952392578125
0.0
0.0037865638732910156
0.0
0.018364524841308592
0.0931218147277832
0.009329795837402344
0.003874397277832031
0.0
0.0
7.867813110351562E-5
0.009131526947021485
0.0
0.03619880676269531
0.03750143051147461
0.015459728240966798
0.04019851684570312
0.0
0.0
0.002545166015625
0.0
0.03520650863647461
0.003547382354736328
0.0010651588439941407
0.021258735656738283
0.0014000892639160155
0.09312162399291993
0.0030870437622070312
0.05946483612060547
0.02410154342651367
0.0017405509948730468
0.06046247482299805
0.03716001510620117
0.0075284004211425785
0.008957386016845703
0.006004619598388672
0.0032601356506347656
0.027715396881103516
0.02582893371582031
0.008336830139160156
0.023593616485595704
0.0015847206115722657
0.03263006210327148
0.020329380035400392
0.022899818420410157
0.01051788330078125
0.0077342033386230465
0.00128021240234375
0.0
0.009425163269042969
0.0017724990844726562
0.09139299392700195
0.03548612594604492
0.0
0.0010000228881835937
0.014841747283935548
0.0
0.01768798828125
0.003383350372314453
0.01876239776611328
0.010542201995849609
0.03520650863647461
0.006115436553955078
0.0
0.012305259704589844
0.004087066650390625
0.062061500549316403
0.0017630577087402344
0.005992889404296875
0.009082794189453125
0.08765296936035157
0.0
0.012630844116210937
0.0
0.04019851684570312
0.003714752197265625
0.011660385131835937
0.0
0.0
0.007537555694580078
0.0016398429870605469
0.011961936950683594
0.0
0.004577159881591797
0.00549020767211914
0.0
0.00549020767211914
0.006548881530761719
0.005111312866210938
0.0016545295715332032
0.03337593078613281
0.0
0.04786405563354492
0.0
0.03581027984619141
0.01034841537475586
0.07720184326171875
0.0036630630493164062
0.0011300086975097657
0.0012442588806152344
0.054991626739501955
0.043381023406982425
0.0012442588806152344
0.0014890670776367188
0.0
0.05348987579345703
0.0
0.006878185272216797
0.09312171936035156
0.0038763046264648437
0.005801105499267578
0.030101299285888672
0.0
0.008899211883544922
0.00186004638671875
0.0010611534118652344
0.0
0.0011300086975097657
0.06705617904663086
0.0
0.06005668640136719
0.004884052276611328
0.010107994079589844
0.004350471496582031
0.0
0.007825088500976563
0.013604354858398438
0.0030870437622070312
0.0
0.005690956115722656
0.0
0.043659019470214847
0.0
0.0
0.00471200942993164
0.0070246696472167965
0.003985404968261719
0.0
0.0
0.01005096435546875
0.003062725067138672
0.05579710006713867
0.011692237854003907
0.0
0.042016220092773435
0.04168643951416016
0.010735797882080077
0.005836582183837891
0.03525266647338867
0.007942771911621094
0.003077411651611328
0.0
0.0032989501953125
0.011705875396728516
0.03407297134399414
0.024701690673828124
0.023192882537841797
0.0
0.004463863372802734
0.0802994728088379
0.004226398468017578
0.004414844512939453
0.009015846252441406
0.0
0.009166812896728516
0.0
0.004414844512939453
0.009323501586914062
0.0
0.011705875396728516
0.001870441436767578
0.0016545295715332032
0.0
0.0
0.0062504768371582035
0.007258987426757813
0.00471200942993164
0.0
0.0032601356506347656
0.06491947174072266
0.024701690673828124
0.0
0.04450235366821289
0.0032746315002441405
0.002261638641357422
0.042081356048583984
0.0010611534118652344
0.007469558715820312
0.0
0.03768072128295898
0.0022841453552246093
0.004127979278564453
0.011555957794189452
0.004321098327636719
0.0
0.00471200942993164
0.009723758697509766
0.002315521240234375
0.004321098327636719
0.009124183654785156
0.0037504196166992187
0.006020069122314453
0.005704689025878906
0.0025362014770507813
0.0025244712829589843
0.005034446716308594
0.04416522979736328
0.010366249084472656
0.00186004638671875
0.009982013702392578
0.0014000892639160155
0.0
0.00467977523803711
0.051830101013183597
0.030370807647705077
0.04314842224121094
0.001158905029296875
0.0
0.028064727783203125
0.0
0.022645187377929688
0.013660049438476563
0.0
0.0011149406433105468
0.0022369384765625
0.03717794418334961
0.0
0.0032181739807128906
0.0
0.001158905029296875
0.0
0.017368125915527343
0.008881664276123047
0.01649160385131836
0.009081745147705078
0.018023967742919922
0.052970600128173825
0.0
0.0016795158386230468
0.0037984848022460938
0.008380794525146484
0.002021026611328125
0.051830101013183597
0.006065464019775391
0.0040190696716308595
0.005526351928710938
0.052970600128173825
0.006364250183105468
0.005938243865966797
0.0
0.003448486328125
0.005718898773193359
0.008249282836914062
0.0024758338928222655
0.03149356842041016
0.035550594329833984
0.0
0.008623886108398437
0.0014040946960449218
0.0011416435241699218
0.052970600128173825
0.013091659545898438
0.003362560272216797
0.0
0.002344989776611328
0.0032466888427734376
0.00510406494140625
0.003755664825439453
0.01772613525390625
0.010092830657958985
0.004092884063720703
0.0053311347961425785
0.004501628875732422
0.0
0.0
0.009085655212402344
0.0
0.02045154571533203
0.006465435028076172
0.005526351928710938
0.0
0.004092884063720703
0.0
0.014199256896972656
0.0017691612243652343
0.052970504760742186
0.05026082992553711
0.052970504760742186
0.0
0.005148506164550782
0.051830101013183597
0.052970600128173825
0.001932811737060547
0.052970504760742186
0.018431663513183594
0.035550594329833984
0.03209352493286133
0.0
0.03717794418334961
0.0011149406433105468
0.0011404991149902345
0.051830101013183597
0.002344989776611328
0.0018632888793945312
0.010215187072753906
0.0
0.003274345397949219
0.016199111938476562
0.02997455596923828
0.009081745147705078
0.0
0.0018822669982910157
0.014970111846923827
0.052970504760742186
0.0011974334716796874
6.456375122070312E-4
0.02102499008178711
0.009295177459716798
0.037938404083251956
0.045529937744140624
0.022645187377929688
0.0
0.01290435791015625
0.0
0.019077301025390625
6.456375122070312E-4
0.002813434600830078
0.0
0.0
0.0067881584167480465
0.0
0.0100128173828125
0.008316898345947265
0.0026332855224609373
0.005591678619384766
0.018733406066894533
0.004092884063720703
0.010867977142333984
0.004317569732666016
0.0011295318603515626
0.0017365455627441407
0.0
0.0
0.01459674835205078
0.046111011505126955
0.0
0.052970600128173825
0.0
0.0027666091918945312
0.0
0.0
0.018101596832275392
0.0
0.006527996063232422
0.007865333557128906
0.004581928253173828
0.001005077362060547
0.0
0.022645187377929688
0.027036190032958984
0.0
0.01172027587890625
0.0
0.04677648544311523
0.0
0.012736320495605469
0.052970600128173825
0.03717794418334961
0.0
0.0
0.0
0.05063018798828125
0.005169200897216797
0.0011416435241699218
0.0032466888427734376
0.006183719635009766
0.0
0.0
0.002585697174072266
0.052970504760742186
0.0
0.005446910858154297
0.006859588623046875
0.006859588623046875
0.0025275230407714845
0.004572105407714844
0.05220937728881836
0.01404104232788086
0.0
0.01737833023071289
0.0015323638916015625
0.0032181739807128906
0.0011236190795898438
0.0
0.0
0.0011149406433105468
0.012965202331542969
0.001158905029296875
0.0
0.001798248291015625
0.008379268646240234
0.0
0.011542415618896485
0.0
0.0021657943725585938
0.0
0.0199493408203125
0.024347877502441405
0.009058666229248048
0.0012088775634765624
0.051830101013183597
0.007313251495361328
0.0
0.009206104278564452
0.03838682174682617
0.00491628646850586
0.001005077362060547
0.0
0.0032059669494628905
0.03717794418334961
0.050384807586669925
0.02586526870727539
0.005788040161132812
0.024347877502441405
0.0067881584167480465
0.004643821716308593
0.008997821807861328
0.02997455596923828
0.012058830261230469
0.0
0.0022416114807128906
0.02509450912475586
0.013468265533447266
0.008828449249267577
0.0
0.0
0.007120323181152344
0.0
0.030308914184570313
0.002585697174072266
0.0
0.008997821807861328
0.0
0.005720615386962891
0.051830101013183597
0.0
0.014534568786621094
0.015057182312011719
0.005295467376708984
0.03717794418334961
0.0011149406433105468
0.0
0.0011404991149902345
0.0013093948364257812
0.005446910858154297
0.003562736511230469
0.0
0.0064028739929199215
0.003190135955810547
0.007903099060058594
0.01584596633911133
0.0
0.0024758338928222655
0.003088855743408203
0.0
0.03137083053588867
0.0053311347961425785
0.005720615386962891
0.0
0.007129478454589844
0.0032059669494628905
0.007536983489990235
0.006476879119873047
0.0
0.01755390167236328
0.012581539154052735
0.008609867095947266
0.052970600128173825
0.0022528648376464845
0.021935176849365235
0.0
0.0059760093688964845
0.004699230194091797
0.0
0.012614727020263672
0.002344989776611328
0.019789505004882812
0.0
0.007365512847900391
0.052970600128173825
0.013602542877197265
0.012917709350585938
0.0013093948364257812
0.0
0.0023815155029296873
0.005446910858154297
0.01252431869506836
0.0011236190795898438
0.001158905029296875
0.0
0.019077301025390625
0.03717794418334961
0.01944246292114258
0.002994060516357422
0.0067881584167480465
0.0056820869445800785
0.0
0.0
0.003916454315185547
0.00643453598022461
0.010271358489990234
0.001005077362060547
0.0
0.0012068748474121094
0.0
0.006739902496337891
0.0
0.004317569732666016
0.003190135955810547
0.0
0.002021026611328125
0.01436443328857422
0.002972412109375
0.0
0.002530479431152344
0.007718372344970703
0.0
0.004317569732666016
0.012200355529785156
0.00928030014038086
0.011227989196777343
0.022220325469970704
0.0010869026184082032
0.008524703979492187
0.0
0.011228370666503906
0.01337127685546875
0.0013093948364257812
0.0037984848022460938
0.0024774551391601564
0.005618762969970703
0.041115951538085935
0.04682626724243164
0.0
0.0036615371704101563
6.456375122070312E-4
0.0064028739929199215
0.009531307220458984
0.00514688491821289
0.010644340515136718
0.0321751594543457
0.0
0.0064028739929199215
0.00491628646850586
0.018016529083251954
0.0
0.042091083526611325
0.0023815155029296873
0.028813743591308595
0.005067157745361328
0.052970600128173825
0.005483150482177734
0.022690868377685545
0.030903053283691407
0.012983131408691406
0.04512968063354492
0.013395881652832032
0.021935176849365235
0.0
0.00329132080078125
0.013100910186767577
0.014139366149902344
0.052970504760742186
0.0013663291931152344
0.025845050811767578
0.0026757240295410155
0.029017925262451172
0.012578105926513672
0.00410928726196289
0.011228370666503906
0.00940113067626953
0.010271358489990234
0.002537441253662109
0.03830156326293945
0.009768009185791016
0.009295177459716798
6.456375122070312E-4
0.008675575256347656
0.006908035278320313
0.007561779022216797
0.0064028739929199215
0.011312580108642578
0.008335685729980469
0.006756782531738281
0.010991954803466797
0.0
0.0071314811706542965
0.0
0.0031810760498046874
0.0017691612243652343
0.014649391174316406
0.02540140151977539
0.0017691612243652343
0.012230777740478515
0.007365512847900391
0.05141868591308594
0.0032280921936035157
0.0030060768127441405
0.03421335220336914
0.004546642303466797
0.052970504760742186
0.0
0.0
0.001787090301513672
0.007813072204589844
0.005717182159423828
0.0
0.01562356948852539
0.008997821807861328
0.0011149406433105468
0.0037384986877441405
0.0
0.015288162231445312
0.008699321746826172
0.02211761474609375
0.0
0.0
0.0
0.007649898529052734
0.004643821716308593
0.01022024154663086
0.02954835891723633
0.004305076599121094
0.052970600128173825
0.015579891204833985
0.030396461486816406
0.04904670715332031
0.0
0.0
0.0
0.001932811737060547
0.007164669036865234
0.03359012603759766
0.007632541656494141
0.0020819664001464843
0.02974424362182617
0.001798248291015625
0.003562736511230469
0.007773017883300782
0.014199256896972656
0.001347827911376953
0.004305076599121094
0.006916332244873047
8.768081665039062E-4
0.05209369659423828
0.002344989776611328
0.008992767333984375
0.0029115676879882812
0.002280998229980469
3.5114288330078124E-4
0.017018222808837892
0.001005077362060547
0.0
0.004363727569580078
0.0
0.001787090301513672
0.0
0.0022416114807128906
0.01590099334716797
0.012230777740478515
0.0011404991149902345
0.0
0.052970600128173825
0.014987373352050781
0.0
0.03125267028808594
0.012072277069091798
8.768081665039062E-4
0.0031394004821777345
0.0067881584167480465
0.01671152114868164
0.0014916419982910155
0.01456756591796875
0.004687213897705078
0.04517498016357422
0.0067881584167480465
0.0017365455627441407
0.008841705322265626
0.005526351928710938
0.0
0.008997821807861328
0.0064028739929199215
0.052970600128173825
0.0013418197631835938
0.0
0.0013093948364257812
0.010251331329345702
0.0
0.0017691612243652343
0.005526351928710938
0.004821681976318359
0.0
0.0
0.0
0.0
0.013033771514892578
0.0
0.0017596244812011718
0.009127426147460937
0.015816974639892577
0.005526351928710938
0.0067881584167480465
0.009091663360595702
0.0064028739929199215
0.0
0.0065365791320800785
0.0
0.001787090301513672
0.0
0.022645187377929688
0.010831260681152343
0.0037840843200683595
0.0013523101806640625
0.002939605712890625
0.002021026611328125
0.008997821807861328
0.0
0.035550594329833984
0.0
0.002585697174072266
0.0
0.004092884063720703
0.031457710266113284
0.033106422424316405
0.0014308929443359376
0.024882125854492187
0.002585697174072266
0.0013663291931152344
0.0014916419982910155
0.0
0.007216072082519532
0.01369924545288086
0.012580490112304688
0.011676597595214843
0.014760208129882813
0.004305839538574219
0.04033994674682617
0.0
0.004315757751464843
0.01122579574584961
0.0
0.0
0.0012174606323242187
0.0
0.0
0.010378360748291016
0.0
0.0025053977966308593
0.00448760986328125
0.1
0.0024222373962402345
0.0
0.002321338653564453
0.016584491729736327
0.002070045471191406
0.010659027099609374
0.0036458969116210938
0.009267425537109375
0.0012170791625976563
0.0013609886169433593
0.011775016784667969
0.0010000228881835937
0.0
0.001888275146484375
0.0
0.0
0.0
0.03288898468017578
0.08881282806396484
0.004515171051025391
0.09583864212036133
0.0
0.015210819244384766
0.022771739959716798
0.006839370727539063
0.013855552673339844
0.002786731719970703
0.010608100891113281
0.0
0.003112030029296875
0.0
0.014813423156738281
0.0012368202209472657
0.0
0.014635181427001953
0.008202171325683594
0.010470771789550781
0.011713027954101562
0.004157447814941406
0.0033965110778808594
0.002095603942871094
0.0022337913513183595
0.014276409149169922
0.003087902069091797
0.0011103630065917968
0.004404544830322266
0.01526336669921875
0.001573467254638672
0.00789051055908203
0.0
0.0
0.0
0.0
0.0025053977966308593
0.0
0.0
0.0
0.009549140930175781
0.008786964416503906
0.004753494262695312
0.004316520690917969
0.001863861083984375
0.0
0.003141307830810547
0.0
0.0
0.01488666534423828
0.0
0.008140277862548829
0.003112030029296875
0.0
0.0
0.010622406005859375
0.0
0.0
0.009232234954833985
0.010876083374023437
0.013376808166503907
0.001573467254638672
0.020115089416503907
0.0
0.007847213745117187
0.0
0.002345371246337891
0.0
0.0
0.0068878173828125
0.012387561798095702
0.0010473251342773438
0.0
0.008517169952392578
0.0010000228881835937
0.005303001403808594
0.01290435791015625
0.0
0.010622406005859375
0.0
0.0012261390686035157
0.015268516540527344
0.0036458969116210938
0.0015757560729980468
0.0011753082275390626
0.0
0.0
0.005925655364990234
0.012460136413574218
0.0064373970031738285
0.0
0.0010344505310058594
0.012555503845214843
0.0
0.0
0.005870723724365234
0.001573467254638672
0.013740348815917968
0.002931499481201172
0.011834430694580077
0.023254013061523436
0.10456991195678711
0.0
0.01633796691894531
0.0010610580444335937
0.0010732650756835938
0.0
0.008197784423828125
0.017560386657714845
0.0
0.01413412094116211
0.0010628700256347656
0.0
0.0053198814392089845
0.0
0.0
0.004268836975097656
0.00903472900390625
0.0
0.0036458969116210938
0.09583864212036133
0.002998638153076172
0.0
0.0047393798828125
0.1
0.023789691925048827
0.010622406005859375
0.0
0.10456991195678711
0.01589956283569336
0.008301258087158203
0.0022668838500976562
0.0012037277221679688
0.0010641098022460937
0.002321338653564453
0.006001091003417969
0.0010610580444335937
0.0029738426208496095
0.0015757560729980468
0.016373729705810545
0.008731269836425781
0.007949733734130859
0.00208587646484375
0.016271591186523438
0.008149814605712891
0.0
0.0013609886169433593
0.0
0.0
0.007748126983642578
0.001055431365966797
0.0
0.010622406005859375
0.005303001403808594
0.0
0.008140277862548829
0.008688926696777344
0.0064373970031738285
0.009358692169189452
0.013072681427001954
0.0010855674743652343
0.016865634918212892
0.0010641098022460937
0.011637210845947266
0.0032777786254882812
0.10456981658935546
0.0025053977966308593
0.0
0.0018841743469238282
0.0010641098022460937
0.01526336669921875
0.0012261390686035157
0.0
0.0
0.003112030029296875
0.017333412170410158
0.010622406005859375
0.0010732650756835938
0.023218822479248048
0.010327339172363281
0.004303646087646484
0.0025053977966308593
0.0
0.0
0.0
0.013757991790771484
0.009232234954833985
0.0
0.0048197746276855465
0.008174800872802734
0.0031266212463378906
0.0010258674621582032
0.0013803482055664063
0.0
0.0
0.008446788787841797
0.006001091003417969
0.0
0.0
0.0
0.002268218994140625
0.0
0.007965183258056641
0.002299213409423828
0.005926513671875
0.0
0.1
0.0
0.009331035614013671
0.007459831237792969
0.0032777786254882812
0.0
0.0023532867431640624
0.0026782989501953126
0.0
0.004176139831542969
0.0
0.010659027099609374
0.0
0.004389476776123047
0.08893451690673829
0.016584491729736327
0.0012037277221679688
0.0011103630065917968
0.0
0.0
0.0
0.01526336669921875
0.007759284973144531
0.005244159698486328
0.001112079620361328
0.005142879486083984
0.012640571594238282
0.004745578765869141
0.005360984802246093
0.004184818267822266
0.005003643035888672
0.0
0.001888275146484375
0.002268218994140625
0.0
0.0
0.003712749481201172
0.002889060974121094
0.0026782989501953126
0.0010115623474121094
0.005939960479736328
0.0
0.009270763397216797
0.001112079620361328
0.0
0.009270763397216797
0.0028992652893066405
0.0021366119384765626
0.1010732650756836
0.01526336669921875
0.00814523696899414
0.008140277862548829
0.1
0.005455303192138672
0.005464076995849609
0.0
0.08772354125976563
0.003326129913330078
0.0
0.016373729705810545
0.016229915618896484
0.0
0.09622259140014648
0.0
0.0
0.001127147674560547
0.003973865509033203
0.009331989288330077
0.002930450439453125
0.0
0.0
0.0
0.0
0.0010892868041992188
0.0
0.0012373924255371094
0.0
0.0029402732849121093
0.004503917694091797
0.010705280303955077
0.003827667236328125
0.002300453186035156
0.0019904136657714843
0.0013690948486328124
0.08772354125976563
0.002358818054199219
0.0019904136657714843
0.0011407852172851563
0.0
0.001888275146484375
0.0016585350036621093
0.005711841583251953
0.010622406005859375
0.004638481140136719
0.0
0.0018841743469238282
0.0
0.007592201232910156
0.0
0.0
0.0037807464599609376
0.003383445739746094
0.005663394927978516
0.007592201232910156
0.010622406005859375
0.0033595085144042967
0.0
0.008840560913085938
0.0016785621643066405
0.01526031494140625
0.0022337913513183595
0.03207712173461914
0.0012109756469726562
0.02272043228149414
0.007144641876220703
0.002233409881591797
0.012994766235351562
0.007576847076416015
0.006089210510253906
0.004338836669921875
0.012991046905517578
0.011152935028076173
0.014407634735107422
0.009558677673339844
0.005071163177490234
0.10456981658935546
0.0
0.029435157775878906
0.006182384490966797
0.01156463623046875
0.008498382568359376
0.01526336669921875
0.0
0.0031341552734375
0.0010732650756835938
0.0031556129455566407
0.017187118530273438
0.0
0.005700302124023437
0.0
0.022855567932128906
0.012797260284423828
0.014315128326416016
0.011633968353271485
0.008349800109863281
0.0
0.0029738426208496095
0.0023943901062011717
0.0029738426208496095
0.0
0.0
0.019521522521972656
0.0019904136657714843
0.011108303070068359
0.0011406898498535155
0.0
0.0
0.01045818328857422
0.0013803482055664063
0.003383445739746094
0.0010089874267578125
0.0011864662170410155
0.0
0.010622406005859375
0.004753494262695312
0.0010473251342773438
0.0
0.010622406005859375
0.003326129913330078
0.0
0.0012261390686035157
0.0
0.0
0.0037807464599609376
0.0
0.10338344573974609
0.0
0.0
0.0
0.0
0.0
0.003478717803955078
0.0
0.0020115852355957033
0.002380561828613281
0.0
0.020516681671142577
0.005649185180664063
0.0037137985229492186
0.001863861083984375
0.009331035614013671
0.002315044403076172
0.0016585350036621093
0.0019236564636230468
0.0021379470825195314
0.009518909454345702
0.0022545814514160155
0.012180423736572266
0.0023532867431640624
0.0011183738708496094
0.006057643890380859
0.004060554504394531
0.0020115852355957033
0.002296924591064453
0.019040966033935548
0.0012368202209472657
0.0
0.002355194091796875
0.009818077087402344
0.0010224342346191405
0.0100616455078125
0.004708576202392578
0.0
0.0
0.0031229972839355467
0.003539848327636719
0.005221748352050781
0.005389881134033203
0.0026782989501953126
0.0
0.0035213470458984376
0.0
0.010622406005859375
0.0
0.0010258674621582032
0.0
0.020350074768066405
0.0012457847595214843
0.008418560028076172
0.004129600524902344
0.0
0.013106346130371094
0.0
0.005713748931884766
0.0011150360107421875
0.0012261390686035157
0.0
0.008809661865234375
0.015941429138183593
0.0012373924255371094
0.011323165893554688
0.0056174278259277345
0.005941963195800782
0.0021696090698242188
0.003690814971923828
0.0010641098022460937
0.0032777786254882812
0.0012483596801757812
0.0
0.0057656288146972655
0.0
0.0032777786254882812
0.002367591857910156
0.0
0.0
0.005941963195800782
0.0022078514099121093
0.0
0.0011437416076660156
0.004753494262695312
0.0058806419372558595
0.0058806419372558595
0.0013690948486328124
0.0068684577941894535
0.0012373924255371094
0.0038824081420898438
0.007592201232910156
0.0040264129638671875
0.0015189170837402344
0.0025053977966308593
0.015375900268554687
0.0
0.002380561828613281
0.0
0.019594955444335937
0.002825355529785156
0.0
0.0010641098022460937
0.0
0.008140277862548829
0.0
0.008140277862548829
0.0
0.0
0.001397418975830078
0.0012398719787597655
0.0037871360778808593
0.0013034820556640625
0.0
0.005071163177490234
0.0
0.004638481140136719
0.0
0.005113983154296875
0.002825355529785156
0.005404949188232422
0.0
0.004137897491455078
