0.02149200439453125
0.005369663238525391
0.002966499328613281
0.011071491241455077
0.0
0.02200145721435547
0.03041419982910156
0.0071659088134765625
0.031112861633300782
0.017171859741210938
0.032730484008789064
0.024773693084716795
0.005244731903076172
0.06612739562988282
0.016332149505615234
0.07099704742431641
0.005244731903076172
0.16924219131469725
0.40595455169677735
0.01683797836303711
0.06315097808837891
0.10314340591430664
0.028609371185302733
0.032928848266601564
0.010470390319824219
0.010489463806152344
0.027190971374511718
0.02216796875
0.02575826644897461
0.004427814483642578
0.020092487335205078
0.06982307434082032
0.02885465621948242
0.049683761596679685
0.11016511917114258
0.06793851852416992
0.010903263092041015
0.1029754638671875
0.02066068649291992
0.1926030158996582
0.07845821380615234
0.016912555694580077
0.007254314422607422
0.007024192810058593
0.031120681762695314
0.0243408203125
0.006724166870117188
0.017920589447021483
0.014813899993896484
0.010638809204101563
0.04190406799316406
0.04814491271972656
0.017405605316162108
0.025731945037841798
0.015015983581542968
0.041602706909179686
0.030477046966552734
0.03644695281982422
0.0169677734375
0.0
0.0100372314453125
0.0222412109375
0.019003868103027344
0.0
0.0289215087890625
0.02741661071777344
0.020018577575683594
0.030978012084960937
0.008181381225585937
0.0043696403503417965
0.07752199172973633
0.027135562896728516
0.0071659088134765625
0.0458831787109375
0.046372509002685545
0.005842876434326172
0.012781810760498048
0.004427814483642578
0.025192451477050782
0.015350437164306641
0.015502262115478515
0.010896110534667968
0.005369663238525391
0.007264900207519531
0.008186626434326171
0.019678211212158202
0.03524150848388672
0.003295135498046875
0.027720260620117187
0.015278911590576172
0.027533245086669923
0.027058887481689452
0.07397708892822266
0.023441028594970704
0.16243343353271483
0.016260337829589844
0.04252910614013672
0.028889179229736328
0.03494348526000977
0.026947402954101564
0.012906551361083984
0.022618770599365234
0.014083099365234376
0.0012805938720703125
0.010470390319824219
0.00883798599243164
0.015855789184570312
0.0
0.02222757339477539
0.0
0.006565570831298828
0.031052112579345703
0.07967376708984375
0.19009685516357422
0.0022522926330566405
0.041674137115478516
0.0071659088134765625
0.05178346633911133
0.03744344711303711
0.013986587524414062
0.006724166870117188
0.030679893493652344
0.017893314361572266
0.03626718521118164
0.0
0.035690689086914064
0.014564609527587891
0.04057149887084961
0.01368398666381836
0.015798568725585938
0.003356266021728516
0.022265625
0.029310035705566406
0.032928848266601564
0.2253854751586914
0.005244731903076172
0.0071659088134765625
0.02478303909301758
0.02273397445678711
0.0018586158752441407
0.08523435592651367
0.020632076263427734
0.01733427047729492
0.011253452301025391
0.04106216430664063
0.0071659088134765625
0.019508934020996092
0.12741594314575194
0.014704513549804687
0.016877365112304688
0.0
0.059728240966796874
0.0020000457763671873
0.024944782257080078
0.0
0.03670492172241211
0.009606170654296874
0.004000091552734375
0.027377891540527343
0.008591842651367188
0.005499362945556641
0.1326289176940918
0.04174127578735352
0.0115081787109375
0.039829158782958986
0.01874885559082031
0.05344734191894531
0.0074066162109375
0.010199260711669923
0.05184097290039062
0.06912746429443359
0.01994180679321289
0.04809980392456055
0.035384082794189455
0.004986381530761719
0.026681995391845702
0.02122488021850586
0.01711587905883789
0.028971004486083984
0.02942047119140625
0.047615337371826175
0.005244731903076172
0.04033660888671875
0.007222175598144531
0.014845943450927735
0.029253578186035155
0.08169136047363282
0.019231319427490234
0.013185882568359375
0.018353939056396484
0.004014205932617187
0.020905303955078124
0.018941974639892577
0.0023519515991210936
0.031846046447753906
0.01402435302734375
0.028236770629882814
0.050800418853759764
0.0011049270629882812
0.023419284820556642
0.009673595428466797
0.020466041564941407
0.03201618194580078
0.031165027618408205
0.03209133148193359
0.17496805191040038
0.02478313446044922
0.03248748779296875
0.033466339111328125
0.05599708557128906
0.033420372009277347
0.030730438232421876
0.009743404388427735
0.0
0.012953376770019532
0.022267723083496095
0.027051925659179688
0.022213459014892578
0.04174175262451172
0.08152427673339843
0.019010066986083984
0.038781929016113284
0.016522312164306642
0.003858661651611328
0.0230621337890625
0.0
0.049074649810791016
0.005244731903076172
0.010999774932861328
0.05302410125732422
0.01658039093017578
0.005168724060058594
0.02784576416015625
0.026182079315185548
0.01708993911743164
0.030205249786376953
0.0
0.04092063903808594
0.03990154266357422
0.020886993408203124
0.032286548614501955
0.028047752380371094
0.0063227653503417965
0.05883855819702148
0.011258983612060547
0.03258457183837891
0.019293785095214844
0.04770660400390625
0.008589076995849609
0.017006874084472656
0.04816455841064453
0.005244731903076172
0.005369663238525391
0.01797637939453125
0.020989227294921874
0.013606929779052734
0.021829700469970702
0.009641265869140625
0.035901546478271484
0.07564592361450195
0.06488409042358398
0.004731941223144531
0.006551074981689453
0.017045021057128906
0.017789936065673827
0.036593055725097655
0.008487892150878907
0.031269168853759764
0.07052459716796874
0.02172861099243164
0.015888786315917967
0.031241130828857423
0.050177574157714844
0.03930253982543945
0.0168243408203125
0.0024753570556640624
0.013582992553710937
0.02361907958984375
0.005059623718261718
0.1513216018676758
0.042251205444335936
0.005059623718261718
0.012546062469482422
0.012748146057128906
0.04450702667236328
0.02329883575439453
0.012897109985351563
0.02092456817626953
0.005244731903076172
0.00901947021484375
0.019710254669189454
0.005387115478515625
0.012770366668701173
0.020272159576416017
0.0
0.025666522979736327
0.01720266342163086
0.0421417236328125
0.009641265869140625
0.026659202575683594
0.04093713760375976
0.0068190574645996095
0.030558967590332033
0.007022762298583984
0.018132686614990234
0.014456558227539062
0.02561817169189453
0.016492938995361327
0.049660873413085935
0.01563568115234375
0.005836391448974609
0.005383968353271484
0.02033061981201172
0.02730417251586914
0.010568332672119141
0.01909151077270508
0.011325931549072266
0.025131416320800782
0.03582839965820313
0.012553024291992187
0.013732624053955079
0.009595584869384766
0.030472373962402342
0.0010223388671875
0.004296398162841797
0.00827932357788086
0.05986719131469727
0.0
0.003277587890625
0.009831714630126952
0.005774497985839844
0.011325931549072266
0.044266796112060545
0.007699775695800781
0.0224517822265625
0.015402603149414062
0.032900428771972655
0.030896759033203124
0.1882099151611328
0.08539371490478516
0.049027442932128906
0.04823389053344727
0.030325794219970705
0.002966499328613281
0.010725593566894532
0.009638214111328125
0.017065906524658205
0.03607091903686523
0.14946527481079103
0.0069981575012207035
0.014125251770019531
0.00924510955810547
0.062467002868652345
0.03488578796386719
0.008487892150878907
0.17104291915893555
0.17072772979736328
0.06270399093627929
0.021088409423828124
0.06318941116333007
0.030668926239013673
0.03249778747558594
0.045513916015625
0.012934017181396484
0.0010000228881835937
0.03077859878540039
0.07853574752807617
0.017601776123046874
0.04207696914672852
0.043293094635009764
0.03926229476928711
0.0
0.009780979156494141
0.07315597534179688
0.00645294189453125
0.060486221313476564
0.04895362854003906
0.003517436981201172
0.026364803314208984
0.015350437164306641
0.029940128326416016
0.04200191497802734
0.02723073959350586
0.009641265869140625
0.003095054626464844
0.02860536575317383
0.17217979431152344
0.020905017852783203
0.02722921371459961
0.016873645782470702
0.010921382904052734
0.02216796875
0.025192451477050782
0.015220260620117188
0.005613136291503906
0.02614145278930664
0.04134531021118164
0.0207489013671875
0.017861175537109374
0.0
0.029364013671875
0.006335067749023438
0.0
0.005095100402832032
0.011498069763183594
0.026038455963134765
0.03161687850952148
0.013264179229736328
0.006999683380126953
0.015907764434814453
0.020233631134033203
0.006628990173339844
0.054810714721679685
0.0
0.02366943359375
0.0013875961303710938
0.03883543014526367
0.03791790008544922
0.02756357192993164
0.0113739013671875
0.024944782257080078
0.005322074890136719
0.03887739181518555
0.02249898910522461
0.019150352478027342
0.0011791229248046876
0.0273590087890625
0.015368175506591798
0.06299009323120117
0.018158531188964842
0.01070699691772461
0.016631317138671876
0.0242828369140625
0.02806863784790039
0.0063227653503417965
0.009372901916503907
0.05164337158203125
0.036905765533447266
0.0071659088134765625
0.007770538330078125
0.017769241333007814
0.010692977905273437
0.007320213317871094
0.03156137466430664
0.008465862274169922
0.015022659301757812
0.03165502548217773
0.004591560363769532
0.038292217254638675
0.007127189636230468
0.015452289581298828
0.044526290893554685
0.0039574623107910155
0.13273973464965821
0.04495992660522461
0.019252204895019533
0.011943721771240234
0.029214954376220702
0.0342132568359375
0.024787139892578126
0.015932846069335937
0.0062083244323730465
0.07508811950683594
0.029510021209716797
0.021394729614257812
0.01899261474609375
0.016967105865478515
0.029821395874023438
0.04110078811645508
0.022822761535644533
0.026994895935058594
0.02573108673095703
0.04888286590576172
0.03340559005737305
0.01424856185913086
0.005526161193847657
0.0036958694458007813
0.01685934066772461
0.009300041198730468
0.017374610900878905
0.006224346160888672
0.006915473937988281
0.051283740997314455
0.02389945983886719
0.0028586387634277344
0.03297910690307617
0.011614608764648437
0.014306640625
0.028915596008300782
0.0189971923828125
0.012294578552246093
0.0
0.024394798278808593
0.04235925674438477
0.02166299819946289
0.022241687774658202
0.02302103042602539
0.0050220489501953125
0.030922794342041017
0.0071659088134765625
0.016829299926757812
0.00270233154296875
0.028038215637207032
0.013376903533935548
0.020738601684570312
0.02806243896484375
0.014963340759277344
0.0017719268798828125
0.004389476776123047
0.006606101989746094
0.02073507308959961
0.012668895721435546
0.00943164825439453
0.027426624298095705
0.0
0.008833789825439453
0.026997470855712892
0.008181381225585937
0.0063227653503417965
0.008181381225585937
0.001256561279296875
0.003122901916503906
0.009462261199951172
0.026013278961181642
0.03032341003417969
0.01989154815673828
0.01700115203857422
0.03411989212036133
0.04444761276245117
0.036238670349121094
0.04071111679077148
0.04510583877563477
0.00957937240600586
0.022832298278808595
