0.04330987930297851
0.009671211242675781
0.002966499328613281
0.010930061340332031
0.0020000457763671873
0.0798370361328125
0.04787435531616211
0.0087799072265625
0.03685483932495117
0.02296476364135742
0.0443364143371582
0.03432884216308594
0.015103530883789063
0.09446792602539063
0.0241668701171875
0.08407649993896485
0.020008182525634764
0.19639196395874023
0.4144158363342285
0.02044219970703125
0.06890201568603516
0.11154499053955078
0.03465700149536133
0.045022106170654295
0.018278789520263673
0.006000137329101563
0.026280975341796874
0.029976367950439453
0.03820362091064453
0.013686370849609376
0.031092739105224608
0.07167434692382812
0.03458671569824219
0.06495542526245117
0.12124013900756836
0.0536005973815918
0.013184642791748047
0.11018543243408203
0.02703886032104492
0.20869922637939453
0.07064628601074219
0.020609951019287108
0.011555862426757813
0.021721839904785156
0.05389585494995117
0.030340957641601562
0.01272430419921875
0.051864910125732425
0.021776580810546876
0.017601490020751953
0.05019979476928711
0.07102384567260742
0.025701332092285156
0.02422752380371094
0.013511562347412109
0.05853595733642578
0.0436253547668457
0.025596427917480468
0.015509033203125
0.0
0.01803741455078125
0.03692550659179687
0.027004051208496093
0.006000137329101563
0.045477771759033205
0.032441234588623045
0.02501230239868164
0.04081592559814453
0.014994239807128907
0.010764408111572265
0.06259899139404297
0.029199981689453126
0.03968496322631836
0.05158243179321289
0.049051666259765626
0.013843059539794922
0.0074942588806152345
0.013686370849609376
0.037438583374023435
0.020647239685058594
0.02759552001953125
0.037229061126708984
0.009671211242675781
0.015263843536376952
0.011076736450195312
0.029474544525146484
0.05675220489501953
0.00833587646484375
0.04953813552856445
0.029255771636962892
0.02223043441772461
0.038059139251708986
0.07597713470458985
0.029138469696044923
0.18234014511108398
0.027562046051025392
0.05174112319946289
0.0616398811340332
0.048114967346191403
0.03235273361206055
0.018689537048339845
0.030717754364013673
0.03313102722167969
0.0012805938720703125
0.018278789520263673
0.01313953399658203
0.015855789184570312
0.0028586387634277344
0.035086441040039065
0.0
0.009565639495849609
0.06043262481689453
0.07579069137573242
0.18040647506713867
0.004252338409423828
0.07001466751098633
0.012877178192138673
0.04902973175048828
0.06503143310546874
0.04525117874145508
0.01272430419921875
0.0764573097229004
0.016388893127441406
0.040808582305908205
0.0
0.04369087219238281
0.017564678192138673
0.0425715446472168
0.023155593872070314
0.025629806518554687
0.003257465362548828
0.039952754974365234
0.0444239616394043
0.045022106170654295
0.21569509506225587
0.008403301239013672
0.005921268463134765
0.05311098098754883
0.03373422622680664
0.01055612564086914
0.058426189422607425
0.02083311080932617
0.025283432006835936
0.008793354034423828
0.0481414794921875
0.0087799072265625
0.06302270889282227
0.11336660385131836
0.022461318969726564
0.020481586456298828
0.0020000457763671873
0.06438789367675782
0.007858753204345703
0.02722797393798828
0.009961986541748047
0.03309907913208008
0.018510913848876952
0.005279350280761719
0.08521347045898438
0.0043471336364746095
0.01349954605102539
0.15823240280151368
0.050978565216064455
0.010919952392578125
0.04690847396850586
0.03934612274169922
0.04934473037719726
0.015505599975585937
0.00757598876953125
0.04104633331298828
0.04622230529785156
0.019803810119628906
0.0513096809387207
0.06367769241333007
0.038089752197265625
0.032401084899902344
0.04222536087036133
0.012626552581787109
0.036215782165527344
0.057761001586914065
0.07595586776733398
0.007858753204345703
0.06284732818603515
0.01652383804321289
0.028542613983154295
0.04195117950439453
0.07387943267822265
0.042006492614746094
0.020148563385009765
0.02744150161743164
0.004014205932617187
0.028905487060546874
0.02510213851928711
0.00935211181640625
0.05450992584228516
0.025933361053466795
0.05923957824707031
0.0934645652770996
0.0011049270629882812
0.03078298568725586
0.02443704605102539
0.028063392639160155
0.026415348052978516
0.040955543518066406
0.02971792221069336
0.1988271713256836
0.03543567657470703
0.04458074569702149
0.03454666137695313
0.04343404769897461
0.05491695404052734
0.040336322784423825
0.021356773376464844
0.013382720947265624
0.019557666778564454
0.045042896270751955
0.06319208145141601
0.030509185791015626
0.033411502838134766
0.06577272415161133
0.017204856872558592
0.06724758148193359
0.0122528076171875
0.016857719421386717
0.029062271118164062
0.0012792587280273438
0.0704488754272461
0.004858684539794922
0.014198493957519532
0.06349220275878906
0.02458057403564453
0.019491004943847656
0.024503707885742188
0.02487936019897461
0.019552326202392577
0.044824409484863284
0.009244823455810547
0.05252656936645508
0.0484654426574707
0.025927734375
0.05228338241577148
0.017900466918945312
0.011135578155517578
0.05400371551513672
0.020653820037841795
0.03994560241699219
0.04189720153808594
0.06783018112182618
0.03448896408081055
0.020389080047607422
0.045001220703125
0.020008182525634764
0.009671211242675781
0.02251777648925781
0.028989410400390624
0.023111534118652344
0.024829769134521486
0.040649700164794925
0.02963848114013672
0.07236661911010742
0.06004953384399414
0.0037319183349609373
0.0075510978698730465
0.018286991119384765
0.00862417221069336
0.04660663604736328
0.029488372802734374
0.042026329040527347
0.0773472785949707
0.015682506561279296
0.02292346954345703
0.02778596878051758
0.09208831787109376
0.0227020263671875
0.027175331115722658
0.003475379943847656
0.04550085067749023
0.04041557312011719
0.005059623718261718
0.15665225982666015
0.06068572998046875
0.005059623718261718
0.02361431121826172
0.01352224349975586
0.058155059814453125
0.027997303009033202
0.010897064208984375
0.05030508041381836
0.016103553771972656
0.014543437957763672
0.012720680236816407
0.021666717529296876
0.015770435333251953
0.031241321563720705
0.0010000228881835937
0.05119256973266602
0.03361244201660156
0.05812129974365234
0.007396602630615234
0.02474384307861328
0.05257282257080078
0.007635593414306641
0.029256248474121095
0.015022945404052735
0.029474925994873048
0.017122840881347655
0.033414459228515624
0.0314910888671875
0.06517248153686524
0.03173484802246094
0.01523122787475586
0.0071011543273925785
0.0369659423828125
0.023962116241455077
0.013910388946533203
0.028116798400878905
0.020441532135009766
0.03983144760131836
0.03247747421264648
0.03689146041870117
0.024123668670654297
0.009595584869384766
0.01770305633544922
0.0030223846435546873
0.0066967010498046875
0.008378124237060547
0.07741622924804688
0.0
0.013034439086914063
0.007338905334472656
0.013329601287841797
0.01644144058227539
0.028632259368896483
0.0023383140563964845
0.02656831741333008
0.0267547607421875
0.01666097640991211
0.08873233795166016
0.19418344497680665
0.08905315399169922
0.07820959091186523
0.044173145294189455
0.037102890014648435
0.002966499328613281
0.010725593566894532
0.016600894927978515
0.015561485290527343
0.0344538688659668
0.15628299713134766
0.009443950653076173
0.01342945098876953
0.006245040893554687
0.050466728210449216
0.017560195922851563
0.029488372802734374
0.18791160583496094
0.18318910598754884
0.054667186737060544
0.020552825927734376
0.06271743774414062
0.027570152282714845
0.032896995544433594
0.054725933074951175
0.009236621856689452
0.0010514259338378906
0.05511903762817383
0.06361274719238282
0.017601776123046874
0.04010210037231445
0.07044286727905273
0.04405155181884766
0.006000137329101563
0.022075748443603514
0.08887748718261719
0.010453033447265624
0.053694725036621094
0.05378122329711914
0.009517574310302734
0.025021743774414063
0.017755699157714844
0.021479701995849608
0.030180072784423827
0.021007537841796875
0.02904481887817383
0.016095352172851563
0.04595537185668945
0.17803850173950195
0.010344982147216797
0.04243202209472656
0.02306671142578125
0.01642446517944336
0.029976367950439453
0.037438583374023435
0.011942577362060548
0.012437057495117188
0.08397703170776367
0.040560340881347655
0.07718563079833984
0.011330413818359374
0.002711200714111328
0.04719982147216797
0.011335182189941406
0.0010000228881835937
0.006095123291015625
0.026396465301513673
0.043562698364257815
0.050127506256103516
0.04006948471069336
0.012095260620117187
0.04717235565185547
0.009157752990722657
0.014586448669433594
0.05558156967163086
0.0030000686645507814
0.04132061004638672
0.0080657958984375
0.043860340118408205
0.03309555053710937
0.01832294464111328
0.03571233749389648
0.02722797393798828
0.01352863311767578
0.03626031875610351
0.02338752746582031
0.027714252471923828
0.003179168701171875
0.035922908782958986
0.017368221282958986
0.08204994201660157
0.021855926513671874
0.009261226654052735
0.017107391357421876
0.08211841583251953
0.027010536193847655
0.011135578155517578
0.008372879028320313
0.06381263732910156
0.03767662048339844
0.031504344940185544
0.005489158630371094
0.05630769729614258
0.061757659912109374
0.003320121765136719
0.026258563995361327
0.012465953826904297
0.015920257568359374
0.038374805450439455
0.004591560363769532
0.045111465454101565
0.014156150817871093
0.013947868347167968
0.04532613754272461
0.0033802032470703126
0.10936555862426758
0.05429754257202148
0.02151203155517578
0.01744680404663086
0.04729318618774414
0.06450691223144531
0.051645755767822266
0.014487075805664062
0.020133304595947265
0.10497264862060547
0.02925863265991211
0.058273029327392575
0.010112762451171875
0.026627254486083985
0.014671897888183594
0.037731266021728514
0.0315861701965332
0.03688173294067383
0.028035354614257813
0.07328910827636718
0.035405635833740234
0.01424856185913086
0.014478111267089843
0.0010000228881835937
0.016958141326904298
0.007003688812255859
0.01936826705932617
0.00883016586303711
0.003118896484375
0.07128057479858399
0.030455493927001955
0.002654743194580078
0.03810539245605469
0.010551834106445312
0.032586288452148435
0.04371957778930664
0.0189971923828125
0.01349811553955078
0.0
0.026696300506591795
0.0438746452331543
0.02507753372192383
0.047373199462890626
0.03678207397460938
0.016739463806152342
0.036667919158935545
0.006165885925292968
0.027379798889160156
0.007398223876953125
0.054834938049316405
0.02462596893310547
0.01469249725341797
0.04476232528686523
0.03565340042114258
0.012676715850830078
0.004725360870361328
0.014402389526367188
0.010830307006835937
0.015842437744140625
0.010128974914550781
0.03016691207885742
0.0018846511840820313
0.015646648406982423
0.02741861343383789
0.019994354248046874
0.008207416534423828
0.016878890991210937
0.001256561279296875
0.0034587860107421877
0.008217620849609374
0.014677619934082032
0.04739789962768555
0.032497596740722653
0.03407564163208008
0.030875205993652344
0.05965280532836914
0.0334625244140625
0.05568914413452149
0.054907703399658205
0.022201347351074218
0.031130599975585937
0.05217142105102539
0.05619239807128906
0.02544097900390625
0.01753263473510742
0.0174713134765625
0.07904024124145508
0.08952503204345703
0.044739723205566406
0.0902073860168457
0.02124176025390625
0.10644798278808594
0.09124040603637695
0.040597724914550784
0.09435606002807617
0.05073099136352539
0.08412303924560546
0.02807340621948242
0.07205991744995117
0.11961240768432617
0.0232421875
0.11809148788452148
0.018515300750732423
0.0402867317199707
0.2530550956726074
0.0418792724609375
0.050463199615478516
0.16689653396606446
0.050260162353515624
0.06622486114501953
0.027612686157226562
0.014422321319580078
0.03570213317871094
0.01884117126464844
0.060443687438964847
0.06787452697753907
0.01670846939086914
0.017551517486572264
0.20889759063720703
0.035669136047363284
0.08812389373779297
0.14638681411743165
0.07538251876831055
0.03435163497924805
0.04184722900390625
0.05822811126708984
0.015533828735351562
0.012988090515136719
0.0422938346862793
0.04845352172851562
0.06775312423706055
0.05012454986572266
0.09125137329101562
0.04116344451904297
0.04748449325561523
0.037729072570800784
0.08461017608642578
0.09594259262084961
0.13159141540527344
0.12398567199707031
0.12315940856933594
0.02923574447631836
0.14312467575073243
0.1453240394592285
0.00800018310546875
0.15538835525512695
0.05919046401977539
0.05570402145385742
0.04834671020507812
0.007973480224609374
0.010000228881835938
0.08818550109863281
0.027427482604980468
0.038808155059814456
0.05086641311645508
0.019689178466796874
0.01439971923828125
0.009834671020507812
0.027612686157226562
0.17719202041625975
0.030492591857910156
0.15046701431274415
0.023243236541748046
0.03938112258911133
0.04264707565307617
0.025655555725097656
0.07765913009643555
0.11592092514038085
0.02111530303955078
0.10571832656860351
0.020203018188476564
0.028960990905761718
0.0838888168334961
0.06948156356811523
0.02466745376586914
0.07626142501831054
0.08119821548461914
0.01561288833618164
0.10030593872070312
0.060536766052246095
0.02193288803100586
0.026601314544677734
0.032937049865722656
0.0555908203125
0.23993272781372071
0.03258390426635742
0.04709920883178711
0.014777946472167968
0.03900413513183594
0.042434310913085936
0.03716144561767578
0.020366954803466796
0.0590977668762207
0.10103120803833007
0.08407583236694335
0.005574226379394531
0.09435606002807617
0.01600360870361328
0.06261568069458008
0.15996551513671875
0.04679241180419922
0.011496448516845703
0.0795022964477539
0.014792823791503906
0.12522392272949218
0.1097895622253418
0.1414422035217285
0.1528386116027832
0.0468998908996582
0.005356407165527344
0.028556346893310547
0.0
0.03858270645141602
0.12782907485961914
0.2564105033874512
0.08999805450439453
0.029391098022460937
0.01173572540283203
0.044292259216308597
0.07688865661621094
0.01197357177734375
0.043155765533447264
0.01760129928588867
0.010868167877197266
0.028347587585449217
0.08412303924560546
0.02326831817626953
0.13751230239868165
0.12529592514038085
0.04052276611328125
0.03516836166381836
0.004000091552734375
0.1283100128173828
0.02894315719604492
0.02267284393310547
0.04033975601196289
0.08213577270507813
0.028834819793701172
0.06629610061645508
0.10160617828369141
0.003226184844970703
0.004292201995849609
0.07848262786865234
0.07693777084350586
0.03918657302856445
0.08212299346923828
0.02162313461303711
0.034866046905517575
0.03493709564208984
0.021347522735595703
0.05406789779663086
0.04781560897827149
0.016115570068359376
0.05859375
0.14477167129516602
0.04245319366455078
0.10489797592163086
0.061490535736083984
0.035674667358398436
0.027391910552978516
0.09547967910766601
0.11435651779174805
0.018522930145263673
0.1352828025817871
0.030858802795410156
0.05440578460693359
0.04184722900390625
0.15066099166870117
0.05069570541381836
0.05772953033447266
0.0665736198425293
0.19800453186035155
0.13495864868164062
0.03969106674194336
0.01595306396484375
0.0927968978881836
0.013170433044433594
0.08316287994384766
0.061484146118164065
0.20731792449951172
0.03145542144775391
0.03612079620361328
0.05121831893920899
0.030350971221923827
0.06597118377685547
0.0020000457763671873
0.06519184112548829
0.0776437759399414
0.15615663528442383
0.013267230987548829
0.022063827514648436
0.08342657089233399
0.09156818389892578
0.028322124481201173
0.055942630767822264
0.07692956924438477
0.05437536239624023
0.09416761398315429
0.04788293838500977
0.013786220550537109
0.039961624145507815
0.005061721801757813
0.12540292739868164
0.036332893371582034
0.0131072998046875
0.014129734039306641
0.006904506683349609
0.09023971557617187
0.008787250518798828
0.07394905090332031
0.08677177429199219
0.1419588088989258
0.028254890441894533
0.030296707153320314
0.026126861572265625
0.024775028228759766
0.050739479064941403
0.024603939056396483
0.12134437561035157
0.0830033302307129
0.02111530303955078
0.04583253860473633
0.0175628662109375
0.11931190490722657
0.16388654708862305
0.022172260284423827
0.047217369079589844
0.09366626739501953
0.06334877014160156
0.020644092559814455
0.019268798828125
0.019092464447021486
0.034914588928222655
0.047006416320800784
0.12398567199707031
0.1419588088989258
0.03447589874267578
0.15883865356445312
0.025651073455810545
0.02228097915649414
0.02821502685546875
0.023992443084716798
0.11390161514282227
0.01307506561279297
0.023658370971679686
0.017467308044433593
0.03348207473754883
0.05890569686889648
0.07913427352905274
0.13739452362060547
0.02550334930419922
0.02417917251586914
0.03604288101196289
0.13721485137939454
0.023958587646484376
0.038266754150390624
0.007352352142333984
0.05696325302124024
0.06153707504272461
0.02861328125
0.08891887664794922
0.09347305297851563
0.014777946472167968
0.07239646911621093
0.025265026092529296
0.035791015625
0.05701284408569336
0.016403961181640624
0.06216249465942383
0.0368621826171875
0.12391824722290039
0.013658714294433594
0.0391880989074707
0.016651153564453125
0.07007761001586914
0.004735565185546875
0.02666778564453125
0.030452728271484375
0.059503936767578126
0.009391498565673829
0.03883161544799805
0.0383819580078125
0.004868030548095703
0.026644325256347655
0.010787296295166015
0.13559408187866212
0.027242374420166016
0.03704557418823242
0.03124828338623047
0.04169607162475586
0.028440380096435548
0.01693096160888672
0.014530754089355469
0.025927162170410155
0.042745018005371095
0.1332550048828125
0.04366598129272461
0.012787342071533203
0.038382339477539065
0.045032405853271486
0.12492151260375976
0.023195266723632812
0.005767917633056641
0.05970182418823242
0.0030000686645507814
0.010129737854003906
0.10348672866821289
0.03766565322875977
0.0013418197631835938
0.05739307403564453
0.05082149505615234
0.03382883071899414
0.014129161834716797
0.016818428039550783
0.008919239044189453
0.060512351989746097
0.05055027008056641
0.018649196624755858
0.09324169158935547
0.0713949203491211
0.08285951614379883
0.06542482376098632
0.06323432922363281
0.08261690139770508
0.0264984130859375
0.014777946472167968
0.03784523010253906
0.036417484283447266
0.0020000457763671873
0.0504857063293457
0.02222576141357422
0.03249502182006836
0.12587976455688477
0.03252840042114258
0.015815925598144532
0.05290555953979492
0.057916259765625
0.06984071731567383
0.013451004028320312
0.0027871131896972656
0.06564874649047851
0.02354440689086914
0.035378551483154295
0.03826465606689453
0.015448379516601562
0.0030000686645507814
0.07646484375
0.0911564826965332
0.020119667053222656
0.037215900421142575
0.07153263092041015
0.00764312744140625
0.016675853729248048
0.008643150329589844
0.11408004760742188
0.008675670623779297
0.02707395553588867
0.051215171813964844
0.020041179656982423
0.05140743255615234
0.030895423889160157
0.017736148834228516
0.049703216552734374
0.04212369918823242
0.023550796508789062
0.06711540222167969
0.06460304260253906
0.07436466217041016
0.005000114440917969
0.06486024856567382
0.054695510864257814
0.04151754379272461
0.04924488067626953
0.17874393463134766
0.030230236053466798
0.02148914337158203
0.0851888656616211
0.10523185729980469
0.09177131652832031
0.026862239837646483
0.011228561401367188
0.04730148315429687
0.008681297302246094
0.016655349731445314
0.01936187744140625
0.05782756805419922
0.1024871826171875
0.0986083984375
0.07105455398559571
0.017865371704101563
0.05376377105712891
0.009798526763916016
0.0298309326171875
0.08931903839111328
0.017016792297363283
0.02665557861328125
0.013831996917724609
0.047920513153076175
0.016477394104003906
0.03317098617553711
0.15570402145385742
0.034673118591308595
0.01678743362426758
0.007179832458496094
0.130657958984375
0.0830033302307129
0.0020000457763671873
0.0830033302307129
0.003932857513427734
0.04202356338500977
0.07773818969726562
0.010998058319091796
0.017283916473388672
0.08071975708007813
0.12075748443603515
0.113311767578125
0.1268400192260742
0.041758251190185544
0.08065624237060547
0.12370328903198242
0.005841064453125
0.024074459075927736
0.038103580474853516
0.0187652587890625
0.026897144317626954
0.002522182464599609
0.022166919708251954
0.025986385345458985
0.0020746231079101563
0.060746288299560545
0.01677560806274414
0.043225574493408206
0.035429859161376955
0.007643985748291016
0.0845144271850586
0.07840461730957031
0.032570266723632814
0.04151754379272461
0.0378230094909668
0.046385765075683594
0.05928640365600586
0.003643035888671875
0.02125968933105469
0.059357738494873045
0.016026115417480467
0.027782344818115236
0.011006832122802734
0.01411123275756836
0.03686943054199219
0.021793079376220704
0.07817487716674805
0.03450098037719727
0.051579761505126956
0.14633541107177733
0.02258167266845703
0.03316020965576172
0.015123939514160157
0.008522701263427735
0.017888736724853516
0.024986457824707032
0.028709983825683592
0.02942495346069336
0.022679996490478516
0.061968517303466794
0.14888296127319336
0.016202735900878906
0.027050304412841796
0.015115928649902344
0.023453807830810545
0.10240507125854492
0.018383216857910157
0.009279918670654298
0.0
0.02803630828857422
0.09041051864624024
0.023152732849121095
0.041652870178222653
0.09468631744384766
0.23267488479614257
0.045127582550048825
0.007451343536376953
0.05225515365600586
0.010522747039794922
0.05274763107299805
0.05003232955932617
0.022591018676757814
0.041702556610107425
0.01833171844482422
0.018703269958496093
0.019514083862304688
0.02769308090209961
0.005234622955322265
0.01621408462524414
0.009484577178955077
0.0216461181640625
0.0020000457763671873
0.0035222053527832033
0.050685882568359375
0.011522388458251953
0.00800018310546875
0.009973526000976562
0.022461605072021485
0.019867324829101564
0.010043144226074219
0.0485382080078125
0.052079200744628906
0.044948577880859375
0.050712871551513675
0.0421661376953125
0.20015106201171876
0.07041425704956054
0.0669663429260254
0.09500322341918946
0.027400493621826172
0.0538238525390625
