0.027885246276855468
0.004973793029785156
0.008058547973632812
0.013627433776855468
0.00800018310546875
0.06248054504394531
0.03855218887329102
0.010779953002929688
0.04096975326538086
0.020546627044677735
0.038917160034179686
0.04063072204589844
0.021556377410888672
0.08336105346679687
0.01808757781982422
0.07799720764160156
0.010103416442871094
0.17676620483398436
0.417156457901001
0.01683797836303711
0.07475109100341797
0.1081435203552246
0.03911399841308594
0.03792896270751953
0.014470481872558593
0.012489509582519532
0.029191017150878906
0.026168060302734376
0.027455615997314452
0.007822513580322266
0.028092670440673827
0.06682300567626953
0.028229904174804688
0.059975814819335935
0.11079635620117187
0.06890363693237304
0.007184505462646484
0.10806751251220703
0.02266073226928711
0.20470647811889647
0.07800512313842774
0.017609882354736327
0.006858444213867188
0.010418891906738281
0.033057117462158205
0.0243408203125
0.006724166870117188
0.028136444091796876
0.019905948638916017
0.015730857849121094
0.04529876708984375
0.058222198486328126
0.020800304412841798
0.025731945037841798
0.015015983581542968
0.0489959716796875
0.03956766128540039
0.021056556701660158
0.012969207763671876
0.0016973495483398437
0.008792591094970704
0.02568063735961914
0.017759227752685548
0.0
0.033477497100830075
0.029275226593017577
0.018018531799316406
0.03267536163330078
0.009878730773925782
0.0060669898986816405
0.07093992233276367
0.027135562896728516
0.01840524673461914
0.04607610702514649
0.04621124267578125
0.01223611831665039
0.010158443450927734
0.004427814483642578
0.029119873046875
0.018350505828857423
0.020502376556396484
0.019060039520263673
0.004973793029785156
0.00856637954711914
0.003475379943847656
0.02237558364868164
0.04008808135986328
0.003295135498046875
0.034113502502441405
0.016558170318603516
0.02795133590698242
0.025814247131347657
0.07397708892822266
0.02613840103149414
0.17354345321655273
0.017561817169189455
0.04752922058105469
0.05048646926879883
0.03664083480834961
0.02311105728149414
0.014885234832763671
0.029863548278808594
0.03475170135498047
0.0012805938720703125
0.014470481872558593
0.008442115783691407
0.01925048828125
0.004858684539794922
0.022365379333496093
0.006789398193359375
0.007810211181640625
0.051556968688964845
0.08807210922241211
0.19281768798828125
0.008252429962158202
0.05890779495239258
0.014877223968505859
0.05260963439941406
0.04107723236083984
0.015923023223876953
0.006724166870117188
0.04593515396118164
0.017893314361572266
0.032268619537353514
0.0016973495483398437
0.03444604873657227
0.014564609527587891
0.04057149887084961
0.026684284210205078
0.018798637390136718
0.003356266021728516
0.032363510131835936
0.03100738525390625
0.03792896270751953
0.22810630798339843
0.003858661651611328
0.005921268463134765
0.024759578704833984
0.021489334106445313
0.003555965423583984
0.07712392807006836
0.020632076263427734
0.010659313201904297
0.010793399810791016
0.044062232971191405
0.0087799072265625
0.041742992401123044
0.1107213020324707
0.020400428771972658
0.016877365112304688
0.0010000228881835937
0.06042556762695313
8.585929870605468E-4
0.016641902923583984
0.011414718627929688
0.0358546257019043
0.00951070785522461
0.008244800567626952
0.06785697937011718
0.006347179412841797
0.006499385833740235
0.14943485260009765
0.04343862533569336
0.008003711700439453
0.04282922744750976
0.030844593048095705
0.0572545051574707
0.01465139389038086
0.008694839477539063
0.03831405639648437
0.057321357727050784
0.014245891571044922
0.04979715347290039
0.040599822998046875
0.014341449737548828
0.026681995391845702
0.041389083862304686
0.021115970611572266
0.030215644836425783
0.046654129028320314
0.06484899520874024
0.007858753204345703
0.04642782211303711
0.009523677825927734
0.019937992095947266
0.03264827728271484
0.0812382698059082
0.021167755126953125
0.018277931213378906
0.024049854278564452
0.004014205932617187
0.01966066360473633
0.019800567626953126
0.009745216369628907
0.04023933410644531
0.024662303924560546
0.03583879470825195
0.06501483917236328
0.0011049270629882812
0.024470806121826172
0.01453227996826172
0.022466087341308595
0.026016044616699218
0.0372044563293457
0.03248720169067383
0.19182701110839845
0.02738504409790039
0.03748760223388672
0.03546638488769531
0.053155040740966795
0.029806137084960938
0.03242778778076172
0.01260204315185547
0.007858753204345703
0.01425485610961914
0.024204158782958986
0.045684528350830075
0.025608158111572264
0.03757791519165039
0.07618656158447265
0.021514511108398436
0.04356098175048828
0.010078048706054688
0.0058574676513671875
0.0230621337890625
0.0
0.07017059326171875
0.003858661651611328
0.018198585510253905
0.06924991607666016
0.015335750579833985
0.017408084869384766
0.02550373077392578
0.02418203353881836
0.0111572265625
0.03713274002075195
0.005697441101074219
0.045107269287109376
0.0497584342956543
0.020886993408203124
0.03928308486938477
0.019143009185791017
0.008020114898681641
0.053535747528076175
0.012956333160400391
0.03997783660888672
0.027177810668945312
0.0589085578918457
0.01785621643066406
0.02529487609863281
0.043885231018066406
0.010103416442871094
0.004973793029785156
0.013977813720703124
0.01974458694458008
0.017302799224853515
0.021829700469970702
0.022023963928222656
0.037767887115478516
0.08387126922607421
0.06630220413208007
0.006429290771484375
0.0033063888549804688
0.016017627716064454
0.013624286651611328
0.03596773147583008
0.028652095794677736
0.03466386795043945
0.07222194671630859
0.02168264389038086
0.027122306823730468
0.026392459869384766
0.05869760513305664
0.035138702392578124
0.011521530151367188
0.0051727294921875
0.03482255935668945
0.031012344360351562
0.01015167236328125
0.1532261848449707
0.04564590454101562
0.01015167236328125
0.01884288787841797
0.012748146057128906
0.05112113952636719
0.021298789978027345
0.00989704132080078
0.04142942428588867
0.017556285858154295
0.01126413345336914
0.019012928009033203
0.007666397094726563
0.012770366668701173
0.028665447235107423
0.004000091552734375
0.04181051254272461
0.022765350341796876
0.05856952667236328
0.01064128875732422
0.02185201644897461
0.04593725204467773
0.0059604644775390625
0.03437175750732422
0.005778121948242188
0.019230079650878907
0.01226339340209961
0.028012847900390624
0.018190288543701173
0.06036062240600586
0.024516963958740236
0.007533740997314453
0.009101200103759765
0.02060985565185547
0.024962139129638673
0.01291036605834961
0.01784687042236328
0.015023326873779297
0.031131553649902343
0.041226673126220706
0.02479238510131836
0.026346874237060548
0.009292888641357421
0.028567790985107422
0.0010223388671875
0.004296398162841797
0.00827932357788086
0.06148605346679688
0.0016973495483398437
0.012477970123291016
0.006831645965576172
0.0046330451965332035
0.011325931549072266
0.03446254730224609
0.0051213264465332035
0.031723308563232425
0.01740264892578125
0.026358509063720705
0.07137584686279297
0.19362401962280273
0.08452425003051758
0.04254560470581055
0.04813652038574219
0.03932600021362305
0.008058547973632812
0.015817642211914062
0.01133556365966797
0.017065906524658205
0.03607091903686523
0.14898910522460937
0.009242820739746093
0.014125251770019531
0.010942459106445312
0.05797786712646484
0.031560516357421874
0.026652050018310548
0.17632226943969725
0.18192968368530274
0.05856609344482422
0.01431732177734375
0.05644845962524414
0.027059173583984374
0.03335638046264648
0.05051403045654297
0.012236690521240235
0.0016973495483398437
0.04801225662231445
0.07195367813110351
0.017601776123046874
0.04327116012573242
0.050817108154296874
0.044959735870361325
0.0020000457763671873
0.012781047821044922
0.08494901657104492
0.00645294189453125
0.061077880859375
0.04636697769165039
0.009517574310302734
0.023574352264404297
0.018350505828857423
0.027967453002929688
0.03330440521240234
0.030475425720214843
0.01577920913696289
0.013339900970458984
0.03693103790283203
0.17703847885131835
0.0160003662109375
0.03415670394897461
0.019873714447021483
0.0029211997985839843
0.026168060302734376
0.029119873046875
0.011878204345703126
0.007663440704345703
0.06662054061889648
0.041100692749023435
0.053227806091308595
0.008008384704589843
7.111549377441407E-4
0.04094429016113281
0.011166191101074219
0.0
0.006339740753173828
0.01803274154663086
0.03528327941894531
0.03521881103515625
0.02985696792602539
0.016095352172851563
0.017844200134277344
0.016157913208007812
0.014629173278808593
0.05183563232421875
0.0
0.02577972412109375
0.011387825012207031
0.03083524703979492
0.048671817779541014
0.019938087463378905
0.02361326217651367
0.016641902923583984
0.01632232666015625
0.03887739181518555
0.014196109771728516
0.02900724411010742
0.0011791229248046876
0.037215900421142575
0.015368175506591798
0.06611976623535157
0.018855857849121093
0.009706974029541016
0.018875980377197267
0.06476192474365235
0.026789379119873048
0.008020114898681641
0.01107025146484375
0.05905160903930664
0.03393068313598633
0.019405269622802736
0.006770515441894531
0.031287860870361325
0.02190885543823242
0.003320121765136719
0.03197946548461914
0.009465885162353516
0.015022659301757812
0.03804826736450195
0.004591560363769532
0.04433164596557617
0.010521888732910156
0.015452289581298828
0.040527725219726564
0.003098869323730469
0.13029184341430664
0.049655818939208986
0.026194286346435548
0.003943538665771485
0.03560819625854492
0.041731739044189455
0.031180381774902344
0.014932823181152344
0.018117427825927734
0.08898992538452148
0.028368568420410155
0.031873130798339845
0.01327962875366211
0.016324329376220702
0.025672149658203126
0.04032983779907227
0.0346796989440918
0.028613758087158204
0.027673053741455077
0.05482492446899414
0.03340559005737305
0.01424856185913086
0.008889198303222656
0.0010000228881835937
0.013614654541015625
0.009300041198730468
0.017374610900878905
0.006224346160888672
0.003411006927490234
0.05828027725219727
0.028455448150634766
0.0028586387634277344
0.031829452514648436
0.011614608764648437
0.01958599090576172
0.029872703552246093
0.0189971923828125
0.012487506866455078
0.0
0.024394798278808593
0.04340925216674805
0.02607755661010742
0.026855850219726564
0.027274322509765626
0.006739234924316407
0.030240726470947266
0.005921268463134765
0.026222610473632814
0.005398178100585937
0.03451051712036133
0.020578765869140626
0.02069263458251953
0.0355072021484375
0.02340850830078125
0.004676532745361328
0.005389499664306641
0.0056060791015625
0.018830490112304688
0.01450653076171875
0.00943164825439453
0.03367137908935547
0.0
0.01222848892211914
0.030411148071289064
0.009878730773925782
0.0063227653503417965
0.009878730773925782
0.001256561279296875
0.0041229248046875
0.013664054870605468
0.02692251205444336
0.042879581451416016
0.031286430358886716
0.029557323455810545
0.03387527465820313
0.0481450080871582
0.042134761810302734
0.043505859375
0.051564502716064456
0.014201164245605469
0.028528213500976562
