1.8137881901273243 15858
2.8639470545279626 6975
1.2380696333959633 8950
1.320190841485028 10402
1.9581233984544357 5591
0.6200293442221883 18973
1.3449647567238532 20475
0.8301046150964937 17554
1.5307545360533223 8928
1.58257011058928 6315
2.2218130689545337 3803
1.8265158599112703 4511
1.599054885679524 7378
1.0136290211520802 9847
1.2074477179029932 11928
1.1396169550848763 9711
1.8390967774200724 4003
1.2669176244133227 8858
2.874151550500602 1064
2.8843909779338808 2276
0.7409845402498506 20998
1.3686804266614778 6600
1.1747561496252594 12448
1.851537566091407 5022
1.615188732460204 6293
2.231756162727496 4394
2.894666350034538 4821
1.2942275905136387 9565
2.2416690167849516 4413
2.2515530747654746 2827
2.904978693267315 2220
2.2614097435195384 6815
2.915329047989124 2589
2.2712403949929154 4423
1.8638444656915452 2842
2.925718469099604 1217
2.9361480267092075 1534
2.2810463680108026 4274
2.946618806825602 1391
2.9571319120598982 4142
2.290828969969397 6364
2.9676884623535837 4463
2.9782895957274356 3917
2.3005894784412115 2160
2.988936469053903 1395
2.3103291427000126 1680
1.6309936907157154 12288
2.3200491851706033 5645
1.059848082649293 11933
2.329750802808558 6295
5.350306922358785 1143
2.9996302588540207 4443
5.420940354044765 1156
3.0103721621204365 5157
1.8760233626907479 10548
1.7057316594472718 10418
2.3394351684144543 5429
2.3491034318868995 5287
1.9694557627541054 4565
3.021163397168011 1571
3.0320052045134642 2195
1.8880798176922569 5369
5.496682890870821 366
3.0428988477859615 2731
1.9807009893423437 4673
5.578354208434349 431
3.053845614669892 1460
2.358756721418357 3334
3.064846817882204 1297
3.0759037961857656 1114
3.0870179154412187 1150
2.3683961446374227 6146
3.0981905696988346 1313
3.1094231823333836 1248
5.666988280851338 498
3.1207172072237994 1196
2.3780227897010677 3015
1.7199309829473213 7169
3.132074129980608 1481
2.387637726340091 3407
3.1434954692233763 1426
3.154982777911532 1317
0.9015025210873207 10999
3.1665376447311724 959
3.178161695541151 2788
2.3972420068606235 5132
2.406836667104742 6443
2.4164227273725074 5941
3.1898565948821522 3630
3.201624047551967 3671
3.213465800251092 3239
2.426001193308293 4325
1.9918625916660906 5128
2.0029439262735447 5274
3.2253836433027114 3797
3.2373794124514297 1241
2.435573056753238 3299
2.445139296566377 3557
3.249454990745512 1988
5.763915281521403 278
2.454700879416278 1475
3.261612310507411 418
3.2738533553982547 890
2.464258760545124 1549
2.4738138845070905 2849
3.286180162581765 1933
3.2985948249936072 3356
3.3110994937231153 3134
3.3236963805139443 2658
3.336387760391366 2929
2.483367185882687 3309
5.870886782971877 513
1.454939147262373 13336
2.4929195899706227 3794
2.502472013458794 4119
3.349175974424284 3314
3.3620634326304755 3271
5.99027500842923 278
0.9615353144704609 16448
3.3750526170345427 1058
3.3881460848882208 914
2.013948202918725 2914
2.5120253650757363 1658
2.5215805462240306 1344
2.531138451596696 1455
3.4013464720642155 1156
1.3914482490753344 10456
2.540699969778195 7377
2.024878493878245 11278
2.5502659838307706 5513
1.7339117598418226 11445
2.559837371867625 5893
2.5694150076137308 6745
6.125405833543162 391
2.578999760955391 1682
6.281150226832513 1443
2.5885924984795743 6088
3.414656496634808 5157
1.7476852938894905 11076
3.4280789626478425 2379
3.4416167641135207 3104
3.4552728892165168 3302
3.469050424769318 3633
1.4133621053389516 6847
1.4747325832234088 5225
1.43450252922931 6241
1.9000190902533551 2805
2.0357377425539864 2822
3.482952560923332 1011
2.5981940840038926 1450
1.5484481907414727 6012
6.4650598159551 492
6.689785755973649 1697
3.496982596156607 3379
1.6464898458657513 4762
3.5111439425579567 4288
2.0465287714269524 3311
2.607805379098154 4994
3.5254401314289643 1235
3.5398748192275864 1475
3.5544517938785245 896
2.6174272435983594 2458
0.42273961125594994 17131
2.627060536113994 2803
1.6616955573159748 5159
2.0572542894208317 3572
3.569174981478738 2074
3.584048453427511 2626
3.5990764340147954 2122
3.6142633085033897 2072
3.629613631744326 1954
1.76126209267525 4116
3.645132137368577 1729
2.6367061145294035 4557
2.64636483650015 4338
3.6608237476021563 3240
2.656037559944929 3665
3.6766935837561365 858
3.6927469774484893 3709
2.6657251435340403 1577
3.7089894826199235 971
2.6754284471749794 2919
2.6851483324959107 2492
3.7254268884124184 1594
3.7420652329860107 726
3.7589108183572844 1501
3.775970226352139 1377
3.7932503357741965 4236
3.8107583409028853 1216
3.82850177144643 1390
3.846488514089345 1547
3.864726835790509 1459
2.6948856633278346 2564
3.8832254090051457 1278
2.067916898727898 7600
3.9019933390249655 1129
2.704641306186025 3552
3.9210401936536647 3082
3.9403760354617163 1242
2.71441613075148 4932
3.9600114568943563 1184
3.9799576185412477 1267
1.9118461613920377 7539
1.923565754035147 5464
4.000226290916151 1070
2.0785191011442934 9235
4.020829900140282 984
2.089063303957093 4117
4.041781577975652 790
2.7242110103532 6090
2.0995518254213232 7769
4.063095216715268 3515
4.0847855295075135 3384
4.106868116773392 3124
4.129359539470973 4075
2.7340268224517104 9316
2.109986899861339 12865
2.743864449124796 6448
4.152277400071822 5863
2.1203706824276787 11016
4.175640432244812 3404
2.753724777556043 6111
4.199468600396397 1908
4.2237832103958795 1928
4.248607033029767 1669
4.273964441982182 1745
1.101535816559094 15968
2.76360870052674 7455
4.299881568442659 4887
1.9351823516311801 9429
4.326386474804884 5101
4.353509350358533 4717
4.381282732400979 4077
2.13070525353761 8373
4.409741756840116 649
1.6766276542482916 9760
6.979044610634168 285
7.38608093121072 339
2.1409926230248097 4243
2.7735171169120565 3637
1.774651942660057 8087
2.7834509321820544 4485
4.438924443136021 2876
4.4688720193888045 2522
2.151234734021329 4826
4.49962929455785 1638
2.7934110589082426 3073
4.531245086257436 1904
4.563772714394391 1954
4.597270573196362 673
4.631802797060299 314
4.667440039314198 315
4.704260387680892 602
1.6913016042874054 10269
2.1614334665930084 4658
2.1715906411472385 7831
8.080793790883122 285
2.1817080216308233 9199
4.74235044628839 559
4.7818066219650435 630
4.822736662925257 913
2.8033984172765325 2955
36.7368005696771 1064
4.8652615117090745 2129
4.9095175526867285 2661
4.955659359452613 2159
5.003863081769773 2694
2.191787318533591 6820
1.4939359625139672 9393
2.2018301917125127 5027
5.054330659476324 1415
5.10729511814743 1072
2.813413935607048 1453
1.787863975561814 7040
1.8009067272467392 5716
1.5125961134360557 7836
5.163027297870006 1960
2.2118382530493834 4709
2.823458550881879 1751
2.8335332092812764 1475
5.221844507290893 896
2.8436388667290755 3353
5.284121804320737 1132
2.853776489448376 2052
1.5657101453730022 9190
1.946700215123363 6399
