3.910443363618123 3830
4.042898377964737 2349
3.8777757034449394 6218
3.8820117131231786 11471
3.9207092703564492 6366
3.8460399774203062 18949
3.8833028974871824 8353
3.8569891084184507 14001
3.8932989711569386 7855
3.89622349188806 2941
3.943802313635602 2389
3.9112974766322255 3726
3.897170195261853 7568
3.866362163606683 7076
3.87620931428473 8806
3.8727555299811547 11076
3.912150634482645 2093
3.879257122702754 7952
4.045185604597281 2039
4.047508133668469 1912
3.8523780804284513 14921
3.88454611665777 8615
3.8745425269050418 7991
3.913003232042523 7150
3.898105010751631 6898
3.9448144243075225 5387
4.049866697246301 3995
3.880665826287125 9135
3.9458354113692646 6851
3.946865509372873 1870
4.052262044834981 2566
3.947904954475912 3985
4.0546949439114375 3479
3.9489539845997497 7777
3.9138556472852115 5881
4.057166180481813 3640
4.059676559658705 2987
3.9500128395847733 8282
4.062226906259641 2300
4.064818065428719 3031
3.951081761343166 3196
4.0674509032817046 3599
4.070126307575853 2931
3.9521609940093994 5495
4.072845188406149 2761
3.953250784088913 2945
3.899029071513033 8541
3.9543513806052424 3853
3.8687075826377795 10528
3.9554630352459292 5422
5.4989956441373895 806
4.075608478928387 3283
5.560455395617295 714
4.078417136111214 1417
3.9147082428092594 4210
3.90352157272668 8658
3.956586002507427 4360
3.9577205398393094 3288
3.9215749178785146 5851
4.081272141517883 3256
4.08417450211971 2059
3.9155613672166996 6271
5.627008366535266 696
4.0871252511424405 3652
3.922443507876301 6384
5.699474219138544 759
4.090125448947314 1839
3.958866907788136 5030
4.093176183948464 3218
4.096278573568928 3125
4.099433765236259 3535
3.9600253701411563 3767
4.102642937421269 1823
4.105907300720489 1869
5.778886916308008 548
4.1092280989859695 3431
3.961196194069807 4215
3.904400230576224 9726
4.112606610504244 1692
3.962379650273983 5004
4.116044149227199 1666
4.1195420660578055 1737
3.8606517280647834 10993
4.123101750193408 1620
4.126724630530078 2715
3.963576013126252 3370
3.9647855608173246 2907
3.966008575502049 3296
4.130412177131155 1459
4.134165902763523 1295
4.137987364505741 1521
3.967245343446905 3198
3.9233153077355643 3996
3.9241905794228242 4176
4.141878165431753 1578
4.1458399563747586 3018
3.968496155178437 4476
3.9697613056336487 4807
4.149874437775793 1101
5.866576622339588 343
3.971041094311816 4280
4.153983361621972 1076
4.158168533479843 3195
3.972335825428411 4459
3.973645808071069 5541
4.162431814629228 4210
4.166775124303856 2375
4.1712004420453175 2385
4.175709810177041 2282
4.18030533640608 2099
3.9749713563578624 3655
5.964294902803927 285
3.889140590403372 9315
3.9763127895981256 2445
3.977670432455944 3578
4.18498919656055 2374
4.189763637471334 2172
6.07441397613528 315
3.86371401442123 11638
4.194630980007198 3184
4.199593622273826 2993
3.92506958001145 6919
3.9790446151165124 2232
3.980435673455638 1989
3.9818439492123594 3005
4.204654042986671 3194
3.885747028446387 6946
3.983269790165323 3076
3.9259525621699876 3903
3.9847135503124393 5377
3.9052739151460627 10404
3.986175590054795 5419
3.987656276384497 7304
6.200259715371916 510
3.989155983076625 1821
6.346703088619815 835
3.990675090886032 4191
4.20981480502968 3020
3.9061432374023624 7754
4.215078559212492 3014
4.220448048239046 2955
4.225926110902307 2927
4.23151568652121 2665
3.8869104324930324 4865
3.890213974980337 3746
3.888040437636442 6103
3.9164153563615614 2072
3.926839774616173 2071
4.23721981963607 1300
3.9922139877487086 2876
3.894289322130235 6187
6.521295725339155 1279
6.736688784628596 1222
4.243041664981457 2443
3.899943414276287 3440
4.24898449275597 3457
3.927731462540449 2137
3.993773068988062 4879
4.255051694210953 1233
4.261246787581273 1426
4.267573424383774 1029
3.9953527375264692 2108
3.8355029275516324 16353
3.9969534041022983 2240
3.900848990998761 7830
3.9286278680012283 2753
4.274035396111405 1982
4.2806366413526105 836
4.2873812533696265 2455
4.294273488171421 2194
4.301317773120121 2458
3.907008770683204 4368
4.30851871611481 1542
3.9985754874925803 2454
4.000219414741637 2198
4.3158811153988745 1602
4.001885621395843 5038
4.323409970043258 707
4.331110491161806 3710
4.003574551745082 3682
4.338988113921257 1855
4.005286659070757 5724
4.0070224059010435 4424
4.3470485104146785 3723
4.355297603473369 1822
4.363741581501264 3922
4.372386914423837 3506
4.381240370853669 1928
4.390309036585572 2122
4.399600334547448 3493
4.409122046346275 2600
4.418882335564754 916
4.008782264273384 4341
4.428889772982663 910
3.929529230295134 8574
4.439153363916565 2271
4.010566716004729 5140
4.449682577895597 3578
4.460487380916846 2342
4.012376252969996 4534
4.471578270554162 1969
4.482966314229508 1869
3.917270534483491 6217
3.9181272152396263 5470
4.4946631909944195 1223
3.9304357863042956 6359
4.506681237215576 3500
3.9313477708227076 3893
4.519033496610909 3272
4.014211377388503 3858
3.9322654168639803 6097
4.531733775142834 2998
4.544796701346216 2758
4.558237792749349 2761
4.572073529142824 2350
4.016072602119539 5342
3.9331889559517896 7239
4.017960450966774 4274
4.586321433560333 2019
3.9341186183947356 6814
4.601000161967826 1944
4.019875458992374 5093
4.616129602808817 2869
4.631730987735796 2596
4.647827015070143 2390
4.66444198778951 2138
3.8708222831518215 11874
4.021818172840793 6035
4.681601968142054 5151
3.9189857026457946 11344
4.699334951352587 6369
4.717671061321565 6037
4.736642771745022 5771
3.9350546335471415 8542
4.756285156725212 2041
3.901746678835494 9044
7.016598836521642 285
7.414270440848424 388
3.9359972300569885 1097
4.023789151073132 1595
3.9078710544777966 7144
4.025788964512172 1412
4.77663617572086 706
4.797736998643948 564
3.936946636102021 4517
4.81963237808786 3101
4.027818196598556 3677
4.842371077132657 945
4.866006362992384 1183
4.890596579053468 712
4.916205810733299 438
4.942904664253457 438
4.9707711821134515 610
3.9026372887116976 4173
3.9379030796154404 4276
3.9388667885017368 6444
8.099602681633908 285
3.9398379908438756 3857
4.999891925113175 1407
5.030363258659385 1085
5.062292891463168 378
4.0298774437589 2750
36.7368005696771 1011
5.095801728491961 2003
5.13102611848638 1957
5.1681206013673275 2153
5.207261295192963 1602
3.940816915102499 4611
3.891263291944571 6330
3.941803790307887 3026
5.248650110078897 1013
5.292520043873843 1067
4.031967315785999 2142
3.9087305977654485 5630
3.9095878819753715 8346
3.8922909209524543 8296
5.3391419109479825 2434
3.942798846245501 3487
4.034088436231854 1860
4.036241442814005 2004
5.388832996255294 395
4.038426987835793 4358
5.441968336052361 815
4.0406457386212224 2448
3.895263657360985 7950
3.919846291937117 4762
