3.910443363618123 183
4.042898377964737 101
3.8777757034449394 456
3.8820117131231786 1263
3.9207092703564492 453
3.8460399774203062 2399
3.8833028974871824 666
3.8569891084184507 3417
3.8932989711569386 761
3.89622349188806 234
3.943802313635602 255
3.9112974766322255 885
3.897170195261853 570
3.866362163606683 825
3.87620931428473 972
3.8727555299811547 828
3.912150634482645 109
3.879257122702754 841
4.045185604597281 167
4.047508133668469 101
3.8523780804284513 3571
3.88454611665777 880
3.8745425269050418 1962
3.913003232042523 522
3.898105010751631 923
3.9448144243075225 122
4.049866697246301 7
3.880665826287125 488
3.9458354113692646 281
3.946865509372873 88
4.052262044834981 238
3.947904954475912 150
4.0546949439114375 202
3.9489539845997497 133
3.9138556472852115 552
4.057166180481813 120
4.059676559658705 298
3.9500128395847733 196
4.062226906259641 217
4.064818065428719 24
3.951081761343166 130
4.0674509032817046 8
4.070126307575853 62
3.9521609940093994 522
4.072845188406149 84
3.953250784088913 154
3.899029071513033 621
3.9543513806052424 160
3.8687075826377795 1092
3.9554630352459292 171
5.4989956441373895 125
4.075608478928387 132
5.560455395617295 84
4.078417136111214 150
3.9147082428092594 291
3.90352157272668 700
3.956586002507427 286
3.9577205398393094 421
3.9215749178785146 622
4.081272141517883 345
4.08417450211971 113
3.9155613672166996 286
5.627008366535266 70
4.0871252511424405 78
3.922443507876301 257
5.699474219138544 67
4.090125448947314 102
3.958866907788136 342
4.093176183948464 239
4.096278573568928 159
4.099433765236259 156
3.9600253701411563 250
4.102642937421269 65
4.105907300720489 86
5.778886916308008 61
4.1092280989859695 53
3.961196194069807 91
3.904400230576224 584
4.112606610504244 123
3.962379650273983 96
4.116044149227199 55
4.1195420660578055 190
3.8606517280647834 1942
4.123101750193408 234
4.126724630530078 63
3.963576013126252 369
3.9647855608173246 258
3.966008575502049 151
4.130412177131155 311
4.134165902763523 203
4.137987364505741 182
3.967245343446905 152
3.9233153077355643 279
3.9241905794228242 496
4.141878165431753 152
4.1458399563747586 179
3.968496155178437 538
3.9697613056336487 400
4.149874437775793 135
5.866576622339588 122
3.971041094311816 258
4.153983361621972 167
4.158168533479843 278
3.972335825428411 272
3.973645808071069 300
4.162431814629228 226
4.166775124303856 9
4.1712004420453175 11
4.175709810177041 72
4.18030533640608 61
3.9749713563578624 235
5.964294902803927 95
3.889140590403372 624
3.9763127895981256 286
3.977670432455944 215
4.18498919656055 106
4.189763637471334 168
6.07441397613528 115
3.86371401442123 2100
4.194630980007198 357
4.199593622273826 282
3.92506958001145 419
3.9790446151165124 224
3.980435673455638 200
3.9818439492123594 187
4.204654042986671 171
3.885747028446387 890
3.983269790165323 124
3.9259525621699876 207
3.9847135503124393 206
3.9052739151460627 365
3.986175590054795 115
3.987656276384497 68
6.200259715371916 4
3.989155983076625 8
6.346703088619815 11
3.990675090886032 113
4.20981480502968 54
3.9061432374023624 544
4.215078559212492 208
4.220448048239046 197
4.225926110902307 111
4.23151568652121 57
3.8869104324930324 344
3.890213974980337 327
3.888040437636442 712
3.9164153563615614 159
3.926839774616173 140
4.23721981963607 171
3.9922139877487086 366
3.894289322130235 995
6.521295725339155 140
6.736688784628596 4
4.243041664981457 7
3.899943414276287 520
4.24898449275597 23
3.927731462540449 170
3.993773068988062 56
4.255051694210953 6
4.261246787581273 50
4.267573424383774 71
3.9953527375264692 304
3.8355029275516324 3734
3.9969534041022983 177
3.900848990998761 931
3.9286278680012283 446
4.274035396111405 196
4.2806366413526105 47
4.2873812533696265 5
4.294273488171421 34
4.301317773120121 37
3.907008770683204 648
4.30851871611481 57
3.9985754874925803 81
4.000219414741637 139
4.3158811153988745 192
4.001885621395843 128
4.323409970043258 76
4.331110491161806 39
4.003574551745082 203
4.338988113921257 116
4.005286659070757 721
4.0070224059010435 556
4.3470485104146785 360
4.355297603473369 154
4.363741581501264 289
4.372386914423837 175
4.381240370853669 67
4.390309036585572 160
4.399600334547448 203
4.409122046346275 176
4.418882335564754 138
4.008782264273384 53
4.428889772982663 62
3.929529230295134 647
4.439153363916565 357
4.010566716004729 55
4.449682577895597 36
4.460487380916846 200
4.012376252969996 56
4.471578270554162 183
4.482966314229508 173
3.917270534483491 661
3.9181272152396263 397
4.4946631909944195 194
3.9304357863042956 73
4.506681237215576 441
3.9313477708227076 214
4.519033496610909 251
4.014211377388503 90
3.9322654168639803 101
4.531733775142834 32
4.544796701346216 25
4.558237792749349 119
4.572073529142824 39
4.016072602119539 69
3.9331889559517896 62
4.017960450966774 47
4.586321433560333 30
3.9341186183947356 53
4.601000161967826 28
4.019875458992374 38
4.616129602808817 245
4.631730987735796 186
4.647827015070143 130
4.66444198778951 106
3.8708222831518215 1563
4.021818172840793 36
4.681601968142054 21
3.9189857026457946 113
4.699334951352587 59
4.717671061321565 42
4.736642771745022 36
3.9350546335471415 158
4.756285156725212 120
3.901746678835494 729
7.016598836521642 117
7.414270440848424 18
3.9359972300569885 202
4.023789151073132 419
3.9078710544777966 1246
4.025788964512172 358
4.77663617572086 227
4.797736998643948 127
3.936946636102021 618
4.81963237808786 116
4.027818196598556 262
4.842371077132657 126
4.866006362992384 221
4.890596579053468 132
4.916205810733299 193
4.942904664253457 193
4.9707711821134515 180
3.9026372887116976 449
3.9379030796154404 193
3.9388667885017368 594
8.099602681633908 102
3.9398379908438756 390
4.999891925113175 71
5.030363258659385 206
5.062292891463168 135
4.0298774437589 160
36.7368005696771 4
5.095801728491961 136
5.13102611848638 131
5.1681206013673275 143
5.207261295192963 262
3.940816915102499 437
3.891263291944571 708
3.941803790307887 78
5.248650110078897 59
5.292520043873843 32
4.031967315785999 231
3.9087305977654485 182
3.9095878819753715 884
3.8922909209524543 933
5.3391419109479825 159
3.942798846245501 68
4.034088436231854 220
4.036241442814005 220
5.388832996255294 145
4.038426987835793 294
5.441968336052361 168
4.0406457386212224 164
3.895263657360985 286
3.919846291937117 212
