7.684534800382738 323
10.873894032083403 285
5.301840728510375 5555
7.608971920738111 13337
9.188191610678176 2551
9.080139531221665 12627
7.8334954068348015 3110
14.39207542069813 4559
1.2351640633156817 15772
4.226993425419561 4285
12.911743992593149 632
11.32297620636097 534
6.519563054508296 3092
6.038344163209238 11086
12.34261763851948 4057
9.457577628680768 3767
7.91363205163722 285
15.823780128951547 2847
19.066459747287904 285
15.882767838979582 285
9.808262421053705 4357
11.483655835813774 2065
9.719069963943102 3079
10.17042285591687 678
16.878970352763435 1240
16.106220483417758 285
22.731929949810038 1131
13.498850945099468 1033
15.85234242310485 379
32.57013534587536 285
15.844831018747877 288
14.243607778751509 328
1.1251945244718269 4635
17.710309701318636 567
18.764698326518534 1139
18.826828284695658 325
22.008658164850985 476
13.535023936296772 487
17.33050618265056 285
27.573446988923138 372
20.17451809668143 285
23.984866292367514 851
28.750295631122455 305
21.572472334592565 1044
16.11611346296655 285
17.23239856124549 285
22.33942333501813 1639
22.365749372686412 285
23.73563016004705 1785
29.081173210445304 285
28.133062776859468 285
27.477479575476966 285
29.464055015152198 285
26.739731603514567 285
25.56886854385604 568
23.748772336293367 420
26.959755311189447 571
15.178292049184508 445
16.759406113133927 801
16.992764007523547 518
10.50354532550269 285
13.334150589371088 1480
17.03797217374446 285
14.378905718323379 651
29.347545496310442 642
29.465444386685178 285
32.609666184632 285
18.847060707097388 285
20.027181988330742 292
19.81970536354428 342
16.773083932099084 617
26.186550147130077 307
26.777027206125684 503
26.281239889389006 785
27.86810579309455 285
14.773195067739412 462
21.50424314270881 315
20.972014530181713 2099
22.574818647378113 382
24.42103306529074 392
22.831255085016206 286
21.85451657531548 472
18.629762132153477 2504
18.64442650729614 431
25.49757537962135 285
21.85157938060555 317
19.85824959027999 296
16.620815172892645 634
16.588454459835773 653
16.831000694258826 377
14.998761204254555 559
14.22278722241275 908
13.130621953900791 1165
23.764182755459625 312
15.501011787497452 285
11.814773952323723 714
16.89829762321461 656
16.721278360168412 450
20.105599292417438 312
18.026092490807017 285
16.55534406554098 920
14.988626880685503 285
14.841495118079461 294
13.183833219066523 538
18.220889567874902 430
10.544889087608382 568
12.929430274777264 285
10.708539731327841 562
9.35872221977768 844
11.967953616742037 291
11.361279687011079 586
10.111083577669476 285
9.436209831618225 1819
11.102502578062298 636
14.497274531587307 501
14.639854632876693 314
11.424111706552427 382
7.338361969847403 285
4.8533093107992435 9558
22.972283877038453 308
13.287683495600072 427
12.996987899034037 953
14.062203846345259 425
15.47805782105539 333
14.140091008179072 322
16.33723152358175 286
22.964570755435602 689
12.615452368191802 1034
19.66245322273222 432
20.859760879419056 285
12.77282859524531 1131
19.453313223810287 642
19.50661081269496 509
21.789418816021552 285
19.321217371399456 570
17.09884097453027 285
15.866798906011866 679
22.682962718764077 285
20.93315501097804 486
3.908626294526926 4488
12.952507076088805 763
14.001233100643308 501
24.35761951160879 653
24.353764446201506 1565
22.364486746255555 285
31.0913536720338 432
29.48510103923474 285
27.574180933910213 285
31.350014555141406 285
28.960894934148214 421
25.74149878296063 988
25.743430387968658 285
27.91573212591283 285
26.271970150029382 569
20.93779943473331 285
19.68309202223664 1409
17.90405688749643 285
19.468186002603094 1685
18.121529472460082 535
18.328758299181203 599
15.627341084080143 814
14.671445380879895 1686
10.919335912879 10822
12.05441955708041 285
16.471417160077475 855
18.036341444926116 1030
21.344340579768158 564
18.25211859321028 286
22.746911584617198 289
22.480793079471177 285
19.61267991753773 571
19.50630369569471 1311
22.768410996993474 286
16.1436165446577 481
13.329338157201645 768
12.809376928668508 1037
17.32427149766914 1229
15.890837041092936 561
17.38544500059413 949
14.406791625119167 560
14.657546062201316 296
15.657441567479735 308
10.560036687039066 1208
13.73661282055981 654
10.50708410960299 1476
21.587913552573696 482
24.79444610471125 286
11.913263490599824 286
13.309391228870574 285
14.93104777265416 372
23.1731224310983 287
24.797536047913393 285
12.320887399868756 1047
23.91391927843802 285
14.251985245186491 1260
14.804177206862406 358
25.614018196702222 306
24.432580862958414 308
24.48471542359319 491
21.414564456733505 585
25.890214837335822 294
22.77077349864875 503
22.64569405774384 789
21.160172583260056 1167
19.559309986137745 285
17.635298581286712 462
17.65935368975186 559
14.51095827181252 1379
18.813558886988105 300
24.079814738290786 285
20.55553253107977 693
21.752936819577567 353
25.734167537297875 287
25.476769351655747 501
22.91111495341315 285
20.122317238663634 508
17.376962214107497 354
19.568536455353804 745
14.445992113317834 285
15.939253528821105 1046
19.18571453365773 348
16.073529499107416 784
12.826930314319117 585
13.396056154042457 324
22.66913227216621 307
21.495276142664597 550
18.27253406506915 6087
18.28218588868518 1660
23.4061506618146 285
21.493343879505776 1111
22.672350846296908 302
25.478883490094212 318
23.13498645264823 583
21.964844579332084 872
18.76419390832858 285
18.73372558980539 2018
23.87304860741065 285
25.26936422330609 285
23.405407981141558 1115
23.941237156417394 285
25.009792479855673 2035
26.856095580033877 564
27.931950306120108 285
30.242290586121943 289
25.267884465130713 1412
27.06489835023736 285
28.282973253881643 570
29.55179241373343 285
31.857793718059252 285
16.014157471824248 285
25.36840389042948 285
26.85535414801351 285
28.29024445785927 285
29.69977295499057 321
28.51518722283896 344
27.12852335601024 625
26.49682292353012 285
31.096668122097295 294
32.667773815439276 285
25.126861830512407 285
26.515623214098742 285
29.90161598352959 569
29.902153762515397 285
31.29006319801074 285
27.1294978020812 286
34.062651920250566 285
21.074462110657684 375
28.335916500660257 581
27.90319208698469 877
29.289923797773746 363
27.90479663841931 285
16.916317996955197 285
19.8802830031506 285
32.0686555845276 290
14.798657358336566 389
30.676509831639173 286
28.869503516825915 285
27.93165034361317 337
33.45965583668492 285
24.66954181602532 285
31.121849308727455 285
13.036553473611098 289
19.66658992166978 285
30.475308885355943 285
18.23642904747165 402
29.341693023114253 330
